# Contents: 
# Columns: MCcycles  -  T  -  Eaverage/part.  -  C_V  -  M/part  -  Xsi  -  abs(M)_average/part  -  N_accepted
           1000            2.4       -1.30968      1.2364651        0.60345      4.7604496        0.60345          96794
          10990            2.4     -1.2369045      1.4394999    0.073565514      8.7755153     0.45162011        1185187
          20980            2.4     -1.2394709      1.3630122     0.14482245      8.4311292     0.45816516        2254315
          30970            2.4     -1.2317272      1.4545652   -0.014195673      9.6192063     0.43285244        3358951
          40960            2.4     -1.2349961      1.3982673     0.02117981      8.8564215      0.4487323        4426593
          50950            2.4     -1.2379231      1.4252753    0.071638763       9.061524     0.45416497        5477744
          60940            2.4     -1.2421201      1.4473889  -0.0037735478      8.9257052     0.46504004        6519379
          70930            2.4     -1.2415835       1.399634   -0.017466234      8.8587238     0.46166615        7590996
          80920            2.4     -1.2311312      1.4065121   -0.051523789       8.982469     0.44101786        8785122
          90910            2.4     -1.2367569      1.4327278   -0.038908041      8.9722771     0.45213299        9796683
         100900            2.4     -1.2449408      1.4364677   -0.050212735      8.7094422     0.47184802       10744733
         110890            2.4     -1.2360575      1.4060765    0.066376093      9.0321254     0.44980544       11956124
         120880            2.4     -1.2365371      1.4302325    0.050514022      9.0542767      0.4508029       13032463
         130870            2.4     -1.2343662      1.4050875    0.016742951       8.915388     0.44629709       14149662
         140860            2.4     -1.2342079      1.4023072   -0.019195904      8.9691515      0.4465547       15243087
         150850            2.4     -1.2401291       1.447097   -0.018569904      8.8373647     0.46180318       16180315
         160840            2.4     -1.2368675      1.4174586    0.031945007      8.8551926      0.4541125       17319790
         170830            2.4     -1.2332222      1.4001931    0.023280074       9.015003     0.44414111       18505223
         180820            2.4     -1.2385027      1.4085656   -0.028900509      8.8439812     0.45600398       19439958
         190810            2.4     -1.2356459       1.384128   -0.045751402       8.740868     0.45022418       20595300
         200800            2.4     -1.2385202      1.4177185   -0.046005005       8.736021     0.45730266       21580189
         210790            2.4      -1.238265      1.4242563    -0.03042317       8.896353     0.45693719       22659667
         220780            2.4     -1.2371357      1.3834877   0.0020863756      8.6575158     0.45452238       23784515
         230770            2.4     -1.2384763      1.4212521  -0.0067791741      8.8406769     0.45708615       24805631
         240760            2.4     -1.2369585       1.413698    0.021638395      8.9438996     0.45161381       25948585
         250750            2.4     -1.2374469       1.398204    0.021998006      8.6695889     0.45709962       26995614
         260740            2.4     -1.2338835      1.3934191    0.016172394      8.7683984     0.44836757       28212707
         270730            2.4     -1.2352651      1.4070177 -0.00091478595      8.8482782     0.45065992       29229296
         280720            2.4     -1.2358876      1.3939667    0.023503384      8.7764476     0.45335658       30290913
         290710            2.4     -1.2383111      1.4177392   -0.022879175      8.8491242     0.45592575       31257103
         300700            2.4      -1.236203      1.4031926   0.0071352178      8.8113223      0.4527152       32431355
         310690            2.4     -1.2335031      1.4041953    0.013133155      8.9279578     0.44628598       33631013
         320680            2.4      -1.236918      1.4198885   -0.009439831      8.9741314     0.45262603       34545879
         330670            2.4     -1.2399297      1.4220995    0.021058775      8.8718488     0.45993636       35474057
         340660            2.4     -1.2385339      1.4046718    0.020421373      8.6405479     0.45920101       36634997
         350650            2.4     -1.2386964      1.4090292    0.012875503      8.8225893      0.4570619       37675014
         360640            2.4     -1.2388197       1.419651    0.012444959      8.8706775     0.45701886       38756027
         370630            2.4     -1.2338887      1.3996982   0.0047269244      8.9887676     0.44540895       40105787
         380620            2.4     -1.2343869      1.4038828    0.028006542      8.8732245     0.44878685       41158610
         390610            2.4     -1.2359558      1.4102762   -0.011587696      8.8158451     0.45180139       42144983
         400600            2.4     -1.2366118      1.4094279   0.0053039066      8.9038742     0.45321299       43188364
         410590            2.4     -1.2382899      1.4106197   -0.023335675      8.8145751     0.45573213       44155861
         420580            2.4     -1.2362614       1.408743   -0.011661016      8.9470068     0.45185187       45347617
         430570            2.4     -1.2384551       1.421913   -0.014096581      8.8541039     0.45761255       46296100
         440560            2.4     -1.2378815      1.4160509    0.028045817      8.8094947      0.4562541       47401023
         450550            2.4     -1.2371796      1.4022584   -0.001307624      8.7192838     0.45509804       48530091
         460540            2.4     -1.2363327      1.4136471   -0.019905785      8.8530696     0.45191543       49669341
         470530            2.4     -1.2369767      1.4154573 -0.00098715279      8.8901607     0.45304732       50715606
         480520            2.4     -1.2378619      1.3974714   -0.024243226      8.7886544     0.45461424       51709912
         490510            2.4     -1.2388936      1.4148843   -0.010398371      8.8417744     0.45714983       52699566
         500500            2.4     -1.2363874      1.3964059    0.012825944      8.7640953     0.45320942       53990157
         510490            2.4     -1.2354431       1.398588    0.045250651      8.7792595     0.45051785       55112290
         520480            2.4     -1.2346146       1.390599 -0.00074584038      8.7572746     0.45011479       56266052
         530470            2.4      -1.236426      1.4168485  -0.0060760929       8.942441     0.45223231       57195271
         540460            2.4     -1.2373093      1.4090799  -0.0052455038      8.8130093     0.45530686       58201680
         550450            2.4     -1.2375277       1.413579   0.0042666001      8.8684427     0.45565025       59237863
         560440            2.4     -1.2370725      1.4072441  -0.0044532599      8.9070063     0.45298061       60368212
         570430            2.4     -1.2368292      1.3903601   0.0014863787        8.72236     0.45376505       61455297
         580420            2.4     -1.2365692      1.3987463    0.018612737      8.8176025     0.45313257       62560524
         590410            2.4     -1.2370301      1.4122582   -0.020546764      8.9101904     0.45411249       63594853
         600400            2.4     -1.2364244      1.4145321   -0.004874975      8.7742806     0.45373885       64743546
         610390            2.4     -1.2381422      1.4015917   -0.015235726      8.7891064     0.45610787       65655437
         620380            2.4     -1.2379499      1.4126728   0.0057916035      8.8093214     0.45632558       66739451
         630370            2.4     -1.2358183      1.4149784   0.0092374954      8.8847306     0.45101302       68015612
         640360            2.4     -1.2370764       1.402328    0.014197084      8.8025303     0.45383961       68989274
         650350            2.4     -1.2351563      1.3941753  -0.0025011763      8.8889335     0.45018891       70237276
         660340            2.4     -1.2364603      1.4059843    0.020732342      8.8585813     0.45238993       71179587
         670330            2.4     -1.2353908      1.4155426  -0.0050713305       8.893855     0.44990443       72375072
         680320            2.4     -1.2385016      1.4208311   0.0059981332      8.8236672     0.45809469       73147810
         690310            2.4     -1.2374698      1.4082975    0.020440056      8.8610349     0.45470618       74314968
         700300            2.4     -1.2359953      1.4020322    0.011358718      8.8003753     0.45227201       75544880
         710290            2.4     -1.2356744      1.3991364    0.016478762      8.8035534     0.45075694       76651550
         720280            2.4     -1.2382709        1.40905  -0.0022019631      8.8302192     0.45652656       77478067
         730270            2.4     -1.2385914      1.4127438   0.0040313103      8.8387152      0.4568798       78492142
         740260            2.4     -1.2363384      1.3983813    -0.02588119       8.762979     0.45404032       79808270
         750250            2.4     -1.2369018      1.4058314  0.00015786071      8.8242499     0.45448331       80836811
         760240            2.4     -1.2365039      1.4055611    0.011402906      8.7828694     0.45257785       81960968
         770230            2.4     -1.2367969      1.4004582  -0.0075006556      8.7881389     0.45335427       83003980
         780220            2.4      -1.238688      1.4070155   0.0012702058      8.8027145      0.4568459       83858493
         790210            2.4     -1.2364844      1.3979432   -0.013580466      8.8408516     0.45236549       85198964
         800200            2.4     -1.2362806      1.4121937   -0.020873107      8.8333847     0.45286132       86297784
         810190            2.4     -1.2358935      1.4061131    0.026565787      8.7599722     0.45274292       87415200
         820180            2.4     -1.2361225      1.4120315   0.0062306628      8.9001023     0.45111036       88460963
         830170            2.4     -1.2360592      1.4092011    0.013177102      8.8960578     0.45170855       89560502
         840160            2.4     -1.2359888      1.4055071     0.01519485      8.8650318     0.45153576       90634989
         850150            2.4      -1.237311       1.409345  -0.0026666412      8.8764406     0.45460465       91539121
         860140            2.4     -1.2357569      1.3905242   -0.013666252      8.7949363     0.45112563       92814939
         870130            2.4     -1.2373218      1.4101537   0.0045448784      8.8868038     0.45481218       93683469
         880120            2.4     -1.2376936      1.4005826   -0.009098799       8.798452      0.4547738       94710923
         890110            2.4     -1.2372831      1.4125742  -0.0032196695      8.8037294     0.45576758       95847577
         900100            2.4     -1.2363971      1.4083072     0.03094319      8.8257634     0.45304009       97043036
         910090            2.4     -1.2373655      1.3994884    0.030455296       8.793148      0.4551708       97992629
         920080            2.4     -1.2381922      1.4158675    0.011458759      8.8472761     0.45633517       98957788
         930070            2.4     -1.2374783      1.4083715   0.0042080005      8.8814633     0.45461781      100132344
         940060            2.4     -1.2365647      1.4065865    0.013084585      8.8653526     0.45270566      101333525
         950050            2.4     -1.2366949      1.4045362   0.0073921899      8.7836323     0.45426791      102378804
         960040            2.4     -1.2349979      1.4059386  -0.0024327424      8.9055187      0.4488925      103722141
         970030            2.4     -1.2370408      1.4082175   -0.010501036      8.8534968     0.45366097      104491152
         980020            2.4     -1.2372717      1.4077676   0.0086874452      8.7997232     0.45494344      105539561
         990010            2.4     -1.2358964      1.4059981   -0.025044495      8.8390358      0.4518818      106806330
        1000000            2.4      -1.238622       1.416631     0.02756268      8.8007107     0.45762691      107490103
# Initial state = Random
