# Initial state: Random
# T  -  <E>  -  <|M|>  -  C_V  -  Xsi  -  accepted
              1      -1.995946      0.9968056     0.18765083     0.66592632        0.12159
           1.01     -1.9969593     0.99922455    0.024617643   0.0016661098        0.07838
           1.02     -1.9966364     0.99914055    0.026439137    0.001821214          0.085
           1.03     -1.9963473     0.99906515    0.028327187   0.0019826429        0.09176
           1.04     -1.9961152     0.99900575    0.029760477   0.0021018142          0.099
           1.05     -1.9957932      0.9989227    0.031704974   0.0022635904        0.10858
           1.06     -1.9954644     0.99883705    0.033419129   0.0024233197        0.11494
           1.07     -1.9951679      0.9987619    0.035070944   0.0025613489        0.12284
           1.08     -1.9947585      0.9986517      0.0373586     0.00279281         0.1352
           1.09     -1.9943956      0.9985573    0.039346419   0.0029815107        0.14249
            1.1     -1.9939296     0.99843375    0.041632477   0.0032053131        0.15792
           1.11     -1.9935129     0.99832245     0.04400764   0.0034484959        0.16576
           1.12     -1.9930675     0.99821045    0.046599312   0.0036700931        0.17609
           1.13      -1.992627      0.9980948    0.048157529   0.0038388364        0.19007
           1.14     -1.9920224      0.9979332    0.051989504   0.0042022238         0.2054
           1.15     -1.9916802     0.99784665    0.052294572   0.0042611596        0.21715
           1.16     -1.9910265     0.99766975    0.055885047   0.0046510983        0.23696
           1.17      -1.990494     0.99752925    0.058811006    0.004949622        0.24648
           1.18     -1.9897981     0.99734215    0.061944911   0.0053308757        0.26504
           1.19     -1.9894402      0.9972516    0.063561789   0.0054611084        0.27522
            1.2     -1.9888468      0.9970923    0.065211147   0.0056970936        0.29448
           1.21     -1.9877865      0.9968105    0.070201057   0.0062585421          0.314
           1.22     -1.9873072     0.99668095    0.072989742   0.0065774286         0.3322
           1.23     -1.9864068     0.99643875    0.076788926   0.0070041458        0.35793
           1.24     -1.9856689     0.99624075    0.079275903   0.0073047708        0.37085
           1.25     -1.9849578     0.99604665    0.082688568   0.0077786476          0.394
           1.26     -1.9839382       0.995768    0.086768098   0.0083230717         0.4257
           1.27     -1.9829883     0.99551415     0.09093659   0.0088193385        0.44248
           1.28     -1.9821291      0.9952752    0.094332503   0.0093063328        0.46815
           1.29     -1.9812607     0.99504565    0.097111384   0.0096481135        0.49275
            1.3      -1.980136      0.9947415     0.10037669     0.01008467        0.52393
           1.31     -1.9792014      0.9944813     0.10503589    0.010714489        0.55021
           1.32     -1.9781743     0.99419375     0.10887966    0.011319003         0.5783
           1.33     -1.9769016      0.9938551     0.11328168    0.011884573        0.61338
           1.34     -1.9759548     0.99358285     0.11686664    0.012494458        0.63448
           1.35     -1.9744409      0.9931589     0.12326484    0.013502771        0.67746
           1.36     -1.9734564     0.99289795     0.12522649    0.013655334        0.70978
           1.37     -1.9723944     0.99259985     0.12872009    0.014288622        0.73734
           1.38     -1.9709176      0.9921889     0.13492502    0.015202092        0.77531
           1.39     -1.9694399     0.99174555     0.13982202    0.016339368        0.81846
            1.4     -1.9681054      0.9913885     0.14296214    0.016704734        0.85256
           1.41     -1.9667875      0.9910171     0.14833275    0.017520286        0.88492
           1.42     -1.9649599     0.99050505     0.15462059    0.018589627         0.9526
           1.43     -1.9636504     0.99012075     0.16035495    0.019896131        0.97177
           1.44      -1.961896      0.9896256     0.16379691    0.020433007        1.02611
           1.45     -1.9603007     0.98918635     0.16829614    0.021023786        1.06365
           1.46      -1.958147      0.9885383     0.17652212    0.022739434        1.13342
           1.47     -1.9566222      0.9881045     0.18087768    0.023512675        1.18233
           1.48     -1.9549407     0.98763245     0.18580834    0.024514178        1.22868
           1.49     -1.9532007      0.9871269     0.19041386    0.025467059        1.27974
            1.5     -1.9511241      0.9864904     0.19805216    0.027304589        1.34898
           1.51     -1.9488856     0.98584015     0.20391002    0.028657192        1.39887
           1.52     -1.9472909     0.98536025     0.20580848    0.029432492        1.45035
           1.53     -1.9451571      0.9847408     0.21452216    0.031046749        1.52303
           1.54     -1.9429227     0.98406755     0.21983384    0.032345269        1.57407
           1.55     -1.9405483     0.98332685     0.22738753    0.034678147        1.66778
           1.56     -1.9383036      0.9827007     0.23166868    0.034980569        1.70184
           1.57     -1.9358599      0.9819555     0.24076637    0.037164209         1.7842
           1.58     -1.9333106     0.98118595     0.24768081    0.039180322        1.84366
           1.59     -1.9308632     0.98039665     0.25587261    0.041768156        1.91835
            1.6     -1.9282488       0.979642     0.26115958    0.042693959        2.01111
           1.61     -1.9253586     0.97868845     0.27131352    0.045958034        2.09765
           1.62     -1.9230592     0.97804905     0.27580389    0.046473715        2.15383
           1.63     -1.9200987      0.9770894     0.28315063    0.049350652        2.26991
           1.64     -1.9169878      0.9760757     0.29044239    0.053232773        2.35151
           1.65     -1.9146915     0.97539595     0.29501132    0.053703266        2.41224
           1.66     -1.9113631     0.97438565     0.30529931    0.055707307        2.50797
           1.67     -1.9082587      0.9733541     0.31557544    0.059480961        2.59563
           1.68     -1.9048678      0.9722229     0.32300036    0.062960408        2.72332
           1.69     -1.9015987     0.97118075     0.33482877     0.06673067        2.82578
            1.7     -1.8974498       0.969821     0.34682498    0.070248932        2.94954
           1.71     -1.8947147      0.9689422     0.35098671    0.072386797        3.03718
           1.72       -1.89077     0.96765325      0.3604969    0.076158724         3.1281
           1.73     -1.8880968     0.96675795     0.36464564    0.078930488        3.20916
           1.74     -1.8837117     0.96517025     0.37767106    0.085177532         3.3702
           1.75     -1.8800219      0.9641005      0.3833632    0.085484434        3.47326
           1.76     -1.8762944      0.9627696     0.39816071    0.092939504         3.5846
           1.77      -1.871941      0.9612585     0.41144556    0.099309758        3.72734
           1.78     -1.8681665      0.9599476     0.41383655     0.10195523        3.85403
           1.79      -1.863524      0.9582333      0.4313977     0.11199146        3.99164
            1.8     -1.8591666      0.9567004     0.43986586     0.11525481        4.13665
           1.81     -1.8546212      0.9552632     0.44278264     0.11650292        4.26285
           1.82     -1.8504131     0.95370515     0.46852389     0.12745838        4.44848
           1.83     -1.8458006     0.95207825     0.46948109     0.13379883        4.54625
           1.84     -1.8398444     0.94973635     0.49423367     0.14692157        4.70742
           1.85     -1.8364085      0.9485883     0.49167499     0.14711797         4.8555
           1.86     -1.8307753      0.9464866     0.50638408     0.15259527        5.03158
           1.87     -1.8253244     0.94436675     0.53014256     0.17121203        5.23127
           1.88     -1.8215583      0.9430622     0.52809107     0.17133903        5.36473
           1.89     -1.8149839      0.9404642      0.5457885     0.18260212         5.5181
            1.9     -1.8081344      0.9376968     0.56584726     0.19796616        5.75817
           1.91     -1.8037505     0.93626575     0.57198024     0.20093877        5.97374
           1.92     -1.7969223     0.93342015     0.59309796     0.21741382        6.17873
           1.93     -1.7912514      0.9308359     0.60886037        0.24409        6.38496
           1.94     -1.7852418     0.92850295     0.62201717     0.25190497        6.58832
           1.95     -1.7786625       0.925661     0.64180051     0.27828791        6.76002
           1.96     -1.7729541     0.92335815     0.65282469     0.28130267        7.01586
           1.97     -1.7668155      0.9208282     0.67764405     0.31446966        7.13582
           1.98     -1.7599925      0.9176452     0.68762585     0.32619503        7.40834
           1.99     -1.7525123      0.9143195     0.70876789     0.36697687        7.63967
              2     -1.7451924      0.9109504      0.7284639     0.38869695        7.87217
           2.01     -1.7382708      0.9078333     0.74158183     0.40591272        8.16863
           2.02     -1.7290009     0.90286545     0.78718349     0.52395722        8.43477
           2.03     -1.7223575     0.90006505     0.79971164     0.49504059        8.66515
           2.04     -1.7136698     0.89670675     0.80724054     0.49064044        8.96687
           2.05     -1.7057145     0.89094575     0.84271795     0.75153138        9.26148
           2.06     -1.6983918      0.8889334     0.85853235     0.59735706         9.4472
           2.07     -1.6879609     0.88236335     0.89179799     0.74588528        9.92568
           2.08     -1.6808981      0.8793025     0.89305107     0.75628663       10.15283
           2.09     -1.6726432      0.8755376     0.89727941     0.73448583       10.41919
            2.1     -1.6624486       0.869413     0.94956774      0.8574977       10.86229
           2.11     -1.6541102      0.8658445     0.96598372     0.84819693       11.24847
           2.12      -1.642094     0.85737345      1.0118803       1.074953       11.49279
           2.13     -1.6302987      0.8475375      1.0871028      1.6183217       12.03989
           2.14     -1.6226523     0.84411365      1.0759562      1.6309539       12.33175
           2.15     -1.6081962      0.8322924      1.1910314      2.0603619       12.80572
           2.16     -1.5985722      0.8271273      1.1802033      2.0873917        13.1358
           2.17     -1.5833942     0.81465705      1.2730222      2.4844166       13.72923
           2.18     -1.5710082       0.806132      1.2963949      2.6872173       14.25174
           2.19     -1.5634101     0.80426525      1.2314302      2.2429182       14.36498
            2.2     -1.5462824      0.7891564      1.3383836      2.8942702        14.9835
           2.21     -1.5376394     0.78294405      1.3701996      3.1617059       15.31677
           2.22     -1.5231544     0.77141225      1.3809691      3.4243327       16.04951
           2.23      -1.508571      0.7585692       1.416834      3.7247984       16.49345
           2.24      -1.485886     0.72887585       1.570553      5.4548332       17.11671
           2.25     -1.4813676     0.73018365      1.5244451      5.1916581       17.57821
           2.26     -1.4626121      0.7148024      1.5349572      5.0272489       18.24627
           2.27     -1.4443773      0.6935352      1.6047003      6.0915631       18.95173
           2.28     -1.4225388      0.6675631      1.6655562      6.8471238       19.46296
           2.29     -1.4106288      0.6569494      1.6270462      6.9863291       20.23043
            2.3     -1.3924993     0.63591665      1.6735758       7.659603       21.07905
           2.31     -1.3671254      0.6005928      1.6862355      8.5096097       21.87907
           2.32     -1.3577293      0.5929479      1.6934718      8.6377612       22.08057
           2.33     -1.3440255     0.58132655      1.6376788      8.5054306       22.58984
           2.34     -1.3292135      0.5644878      1.6378824      8.6618412       23.41938
           2.35     -1.3125676     0.54490105       1.658966      9.0391377       24.07051
           2.36     -1.2913564      0.5123135      1.5674516      9.2333046       25.08168
           2.37     -1.2778161     0.49919175      1.5448433      9.3045427       25.51947
           2.38      -1.261112     0.47821845      1.4694819      9.2371068       26.29622
           2.39     -1.2563419     0.47596005      1.4890191       9.275624       26.06832
            2.4     -1.2391611     0.45963725      1.4216436      8.8230846       27.03961
           2.41     -1.2226144      0.4376759      1.3486237      8.5968439        27.6078
           2.42     -1.2110322     0.42225815      1.3266428       8.756523       27.88717
           2.43     -1.1974789     0.40886685      1.2915888      8.2666565        28.4799
           2.44     -1.1829024      0.3866924      1.2031901      7.9728555       28.88073
           2.45     -1.1714795     0.37668225      1.1838621      7.6469525       29.50642
           2.46     -1.1593291      0.3618808       1.129872      7.3778355       30.09257
           2.47     -1.1511972      0.3586798      1.1201933      7.3301896       30.55069
           2.48     -1.1381236     0.33927575      1.0550643      6.8123964       31.09586
           2.49     -1.1258254      0.3222002      1.0201973       6.644785        31.5927
            2.5     -1.1154711      0.3162863      1.0130525      6.5216105       31.86382
