# Initial state: Random
# T  -  <E>  -  <|M|>  -  C_V  -  Xsi  -  accepted
              1     -1.9969144     0.99878094     0.05625345     0.13482496       0.082154
           1.01      -1.996926     0.99921511     0.02488147   0.0016937813       0.078188
           1.02     -1.9966523     0.99914413    0.026656455   0.0018432692       0.085194
           1.03     -1.9964166     0.99908349    0.027862075   0.0019459648       0.092034
           1.04     -1.9960841      0.9989977     0.02990206   0.0021156518       0.099976
           1.05     -1.9957827     0.99891882    0.031786431   0.0022898475       0.108436
           1.06     -1.9954285     0.99882866    0.033754932   0.0024427783       0.116392
           1.07     -1.9951006     0.99874341    0.035577001   0.0026084978       0.125908
           1.08     -1.9947702     0.99865546     0.03718011   0.0027748934       0.133958
           1.09     -1.9944032     0.99856029    0.039244189   0.0029659395       0.144726
            1.1     -1.9939781     0.99844806    0.041535762    0.003188539       0.155342
           1.11     -1.9935962     0.99834874     0.04341389   0.0033696362       0.165438
           1.12     -1.9930706     0.99821141    0.046024661   0.0036178199       0.177596
           1.13     -1.9926118     0.99809067    0.048536014   0.0038682156         0.1899
           1.14     -1.9920805     0.99795103     0.05088949   0.0041036744       0.203714
           1.15     -1.9916471     0.99783595    0.053079005   0.0043402218        0.21633
           1.16     -1.9910316     0.99767569    0.055966885   0.0046194252        0.23159
           1.17     -1.9904717      0.9975247    0.058691252   0.0049372957       0.246958
           1.18     -1.9898194     0.99735058    0.062024818   0.0052973131        0.26157
           1.19     -1.9892851     0.99720912    0.063924324   0.0055310551       0.278528
            1.2     -1.9886131     0.99703073    0.067117722   0.0058798619       0.295424
           1.21     -1.9878856     0.99683482    0.070219902   0.0062380944        0.31558
           1.22     -1.9871711     0.99664652    0.073103101   0.0065676957       0.332702
           1.23     -1.9863889     0.99643251    0.076748235   0.0070206391       0.353796
           1.24      -1.985588     0.99621852    0.079997771   0.0074089061       0.376524
           1.25     -1.9848411     0.99601866    0.083114077   0.0077700902       0.396564
           1.26     -1.9840256     0.99579866     0.08595529   0.0081744896       0.422048
           1.27     -1.9831284     0.99555305    0.089874726   0.0086749561       0.442978
           1.28     -1.9822286     0.99530883    0.093500371   0.0091430856       0.470658
           1.29     -1.9812216     0.99503321      0.0972661   0.0096906503       0.493528
            1.3     -1.9802652     0.99477104     0.10095192    0.010183931       0.523496
           1.31      -1.979221      0.9944837     0.10512507     0.01077372       0.548564
           1.32     -1.9781721     0.99419895     0.10924804    0.011318263       0.576992
           1.33     -1.9771206     0.99391101     0.11239535    0.011797429       0.609282
           1.34     -1.9759002     0.99357153     0.11759566    0.012528604        0.63979
           1.35     -1.9746412     0.99322028     0.12190826    0.013208355       0.673018
           1.36     -1.9735555     0.99291798     0.12520777    0.013792057       0.707776
           1.37     -1.9721529     0.99252299     0.13023495    0.014563729       0.741706
           1.38     -1.9707963     0.99214964     0.13481439    0.015224507       0.778422
           1.39      -1.969456     0.99176703     0.13961196    0.016119124        0.82289
            1.4     -1.9680164      0.9913711      0.1448683    0.016865253       0.863596
           1.41     -1.9665729     0.99095722     0.14856481    0.017626505       0.897018
           1.42      -1.965155     0.99055764     0.15379249    0.018549504       0.938248
           1.43      -1.963621     0.99011873     0.15828294    0.019352043        0.98048
           1.44     -1.9620219     0.98966697     0.16344056    0.020228317       1.027132
           1.45     -1.9601321     0.98911884     0.17019152     0.02153905       1.082158
           1.46     -1.9584926     0.98864547      0.1752548    0.022622685       1.126438
           1.47     -1.9567605     0.98814738     0.17986064    0.023486449       1.175024
           1.48     -1.9548472     0.98758506     0.18621546    0.024779261       1.230456
           1.49     -1.9530791     0.98708877     0.19138222    0.025698816       1.283304
            1.5     -1.9511989     0.98652338     0.19737463    0.027161924       1.341896
           1.51     -1.9491647     0.98592138     0.20290212     0.02829779        1.39411
           1.52     -1.9471393     0.98533434     0.20790116    0.029451504       1.458414
           1.53     -1.9449139     0.98467328     0.21512816    0.030981818       1.512292
           1.54     -1.9426695     0.98400379     0.22198148    0.032556627        1.58427
           1.55     -1.9404631     0.98333659     0.22828164    0.034193424       1.641974
           1.56      -1.938162     0.98264904     0.23450756    0.035729202       1.719992
           1.57     -1.9357194     0.98190183     0.24284338     0.03788996        1.79757
           1.58     -1.9333472     0.98118248     0.24799544    0.039249302       1.864102
           1.59     -1.9308332     0.98043632     0.25401928    0.040656258       1.936164
            1.6     -1.9281485     0.97960707     0.26263362    0.043083514         2.0019
           1.61     -1.9255396     0.97877263     0.27090468     0.04556619        2.09736
           1.62     -1.9227797     0.97793994     0.27771139    0.047486556        2.16293
           1.63     -1.9201443     0.97711065     0.28285864     0.04923237       2.254452
           1.64     -1.9171155     0.97618224     0.29065736    0.051611026        2.33934
           1.65     -1.9142782      0.9752725      0.2985414    0.054132011       2.428962
           1.66     -1.9109608     0.97420426     0.30930248     0.05748424         2.5283
           1.67      -1.908146     0.97329966     0.31750198    0.060120705       2.616314
           1.68     -1.9047225     0.97221252     0.32590626    0.063496394       2.710024
           1.69     -1.9013869     0.97111858     0.33479361    0.066157391       2.812676
            1.7     -1.8982753     0.97010561     0.34136973     0.06893054       2.915428
           1.71     -1.8947059     0.96896224     0.35081321    0.072195802       3.022126
           1.72      -1.891115     0.96776229     0.35994517    0.076050257        3.13902
           1.73     -1.8874463     0.96651851     0.36948705    0.080575925       3.257628
           1.74     -1.8837005     0.96524688     0.37560361    0.083596471       3.362008
           1.75     -1.8800215     0.96403735     0.38657561    0.087389681       3.472652
           1.76      -1.876075     0.96271032     0.39769897    0.092206492       3.608008
           1.77     -1.8719329     0.96124223     0.40601582    0.097229111       3.717934
           1.78     -1.8677238     0.95977792     0.41829612     0.10415116       3.879764
           1.79     -1.8636373     0.95838823      0.4281724     0.10746759       4.007838
            1.8     -1.8593827     0.95689671     0.43847916     0.11284392       4.139522
           1.81     -1.8550077     0.95534647     0.45088826     0.11979076       4.281052
           1.82     -1.8501241     0.95356174     0.46229417     0.12644284       4.427358
           1.83     -1.8454004     0.95189271     0.47229632     0.13182619       4.565434
           1.84     -1.8406978     0.95006869     0.48538794     0.14475514       4.728962
           1.85      -1.836072     0.94840109     0.49430215     0.14833062       4.890488
           1.86     -1.8307719     0.94646496     0.51004346      0.1574971        5.05624
           1.87     -1.8261769     0.94476491     0.51957871     0.16351561         5.1827
           1.88     -1.8199046     0.94225338     0.53556235     0.17968806       5.383042
           1.89       -1.81539      0.9406702     0.54418162     0.18306811       5.556876
            1.9     -1.8093207     0.93818182     0.56391616     0.20052203       5.767866
           1.91     -1.8042848     0.93633399     0.57145658     0.20655789       5.937318
           1.92     -1.7971447      0.9332652     0.60001909     0.22987433       6.148276
           1.93     -1.7924474     0.93163799     0.59946471     0.23012038       6.306816
           1.94     -1.7860255      0.9290005      0.6170635     0.24549718       6.526822
           1.95     -1.7796167     0.92601982     0.64016182     0.27878756       6.773204
           1.96     -1.7732592     0.92308128     0.66095384      0.3570497       7.016084
           1.97     -1.7667291     0.92068334     0.66757824     0.31687309        7.16358
           1.98     -1.7593054     0.91732168     0.69324489      0.3368282       7.508526
           1.99     -1.7526647     0.91444537      0.7101279     0.36263048       7.665438
              2     -1.7454585     0.91118366     0.72738238     0.40237131       7.936414
           2.01     -1.7380844     0.90783177     0.75008568     0.42361507        8.18321
           2.02     -1.7309332     0.90468955     0.75855555     0.44221213       8.376024
           2.03     -1.7228911      0.9009451     0.78451554      0.4664905       8.718528
           2.04     -1.7150045     0.89670778     0.80617101     0.54505551       8.941074
           2.05     -1.7068495     0.89253299     0.83631545     0.61364679       9.249474
           2.06     -1.6975584     0.88769046     0.86042248     0.65471167       9.587882
           2.07     -1.6897377     0.88416498     0.87192685     0.68480175       9.835284
           2.08      -1.681188     0.87892352     0.91008457     0.83718563      10.088072
           2.09      -1.671835     0.87449359     0.91634511     0.81987726      10.558626
            2.1     -1.6610733     0.86763881      0.9701315      1.0175719      10.852222
           2.11     -1.6523208     0.86329257     0.98722132      1.0224377      11.243974
           2.12       -1.64218     0.85604275      1.0405502      1.2635835      11.598078
           2.13     -1.6329704     0.85164458      1.0374505       1.257434      11.918412
           2.14     -1.6217371      0.8446993      1.0765684      1.3678788      12.271472
           2.15     -1.6100739     0.83602672      1.1339182      1.6785947      12.647916
           2.16     -1.5986114     0.82860004      1.1648905      1.8371742      13.163196
           2.17     -1.5863074     0.81924253      1.2187426      2.1891326      13.561756
           2.18     -1.5745134      0.8104819      1.2489143      2.3943276      13.890606
           2.19     -1.5627408     0.80220266      1.2934409      2.5787196      14.579702
            2.2     -1.5484332     0.79054634      1.3347231      2.9189288      15.013036
           2.21     -1.5337273     0.77810256      1.3790808       3.307326      15.622098
           2.22     -1.5218437     0.76887003      1.4044523      3.6067681      15.881126
           2.23     -1.5063291     0.75303797      1.4778602      4.2296509      16.477842
           2.24     -1.4900045     0.73836238      1.5099111      4.6028979      17.133882
           2.25     -1.4763747     0.72643806      1.5370646      4.9693144      17.797692
           2.26     -1.4595573     0.70919827       1.562376        5.46395      18.160456
           2.27     -1.4432299     0.69119776      1.6134209      6.1903052      19.014222
           2.28     -1.4315777     0.68247752       1.616308      6.1958266      19.252756
           2.29     -1.4092164     0.65430876      1.6537147      7.1269081      20.176976
            2.3     -1.3925577     0.63678408      1.6799494      7.5491461       20.84244
           2.31     -1.3795536     0.62298805      1.6500504      7.7970568      21.253538
           2.32     -1.3627183     0.60395849      1.6536925       8.086226      22.185494
           2.33      -1.344193     0.58232904      1.6433464      8.4311619      22.715676
           2.34      -1.327628     0.56158376      1.6246319      8.7804632       23.30205
           2.35     -1.3142457     0.54845552      1.5913876       8.784601      23.838716
           2.36     -1.2966283     0.52746365      1.5594406      8.8463284      24.595388
           2.37     -1.2802559       0.503832      1.5368327      9.1870241      25.350332
           2.38     -1.2635769     0.48329139       1.478861      9.0821901      25.785722
           2.39      -1.250181     0.46997865      1.4593051      8.9830565      26.436814
            2.4     -1.2362337     0.45472075      1.3973867      8.7257544      27.130604
           2.41     -1.2215916     0.43341565       1.362586      8.7598867      27.404722
           2.42     -1.2112974     0.42603712      1.3272155      8.4843392      27.846102
           2.43     -1.1960643     0.40546273      1.2711907      8.2752511      28.535212
           2.44     -1.1827369     0.38813809      1.2270237      8.0784169        29.1395
           2.45     -1.1698932     0.37313746      1.1779877       7.740391       29.59663
           2.46      -1.157804     0.35856414      1.1406886      7.5767619      30.250272
           2.47     -1.1492593     0.35096106      1.1074363      7.3632173      30.567378
           2.48     -1.1387314     0.34174534      1.0658846      7.0219947      30.991198
           2.49     -1.1277381     0.32912415      1.0239366       6.720372      31.402388
            2.5     -1.1183942      0.3207334     0.99588691      6.5518367      31.834436
           2.51     -1.1073838     0.30796139     0.96215388      6.2145854      32.351246
           2.52      -1.098178     0.29949865     0.92636096      5.9479241       32.75109
           2.53     -1.0883385     0.29040573     0.89666132      5.6852697      33.146134
           2.54     -1.0810536     0.28688136      0.8754849      5.5299937       33.51907
           2.55     -1.0718142      0.2792697     0.85384292      5.2694626       33.82183
           2.56     -1.0631207     0.26817558     0.82711209      5.0707968      34.272402
           2.57     -1.0547748     0.26160456     0.80600871      4.8647401      34.539166
           2.58     -1.0469393     0.25636692     0.77834293      4.6275794       34.97987
           2.59     -1.0398767        0.24973     0.76855012      4.5133784      35.250828
            2.6     -1.0325304      0.2435295     0.75336555      4.3557026      35.637806
           2.61     -1.0249211     0.23934989     0.73041893      4.1758244      35.971562
           2.62     -1.0185568      0.2352516     0.71792509      4.0696237      36.285382
           2.63     -1.0102419     0.22860555     0.69516245      3.8317258      36.656618
           2.64     -1.0025218     0.22064789     0.67722423       3.645375       36.99056
           2.65    -0.99659524     0.21835953     0.66952503      3.5627278       37.30528
           2.66    -0.99010622     0.21539151      0.6537294      3.4393298      37.555698
           2.67    -0.98352368     0.21109166     0.64180792       3.327563       37.86388
           2.68    -0.97712844     0.20700569      0.6346954      3.2325614      38.175952
           2.69    -0.97107578     0.20355844     0.62580454      3.1129724        38.5022
            2.7    -0.96487572     0.20094164     0.61295689      3.0264638      38.748784
           2.71    -0.95865138     0.19541613     0.60271538      2.9002525       39.09913
           2.72    -0.95283534     0.19362048     0.59218741      2.8368377      39.308842
           2.73    -0.94654578     0.18849531     0.57575984      2.6982475      39.612058
           2.74    -0.94092352     0.18662563     0.57123921      2.6455837      39.889552
           2.75    -0.93541012     0.18480207     0.56032828      2.5752634      40.197692
           2.76    -0.92947602     0.17994802     0.54818513      2.4552608      40.453554
           2.77    -0.92482176     0.17890387     0.54308627      2.4155266       40.72583
           2.78     -0.9193602     0.17632337     0.53885061      2.3588334      40.962176
           2.79    -0.91372436     0.17344096     0.52848614      2.2862754       41.19841
            2.8    -0.90827084     0.17079025     0.51873188        2.21878      41.515386
           2.81    -0.90352654      0.1685858     0.51047767      2.1442345      41.702254
           2.82     -0.8981623      0.1658752     0.50587604      2.0816227      42.043266
           2.83    -0.89275436     0.16414438     0.49850958      2.0345905      42.265808
           2.84    -0.88760512     0.16195691     0.48878983      1.9896481       42.49581
           2.85    -0.88390962     0.16097485     0.48583916      1.9463453      42.723336
           2.86    -0.87847286     0.15784758     0.47575766      1.8627708       42.95671
           2.87      -0.874145     0.15648593     0.47177183      1.8383424      43.174768
           2.88    -0.86927898      0.1534312     0.46345823       1.773795      43.427088
           2.89     -0.8647153     0.15311976     0.46066428      1.7354128      43.679494
            2.9    -0.85947304     0.15094805     0.45389795       1.693996       43.90149
           2.91    -0.85562046     0.14963288     0.44869109      1.6492982      44.125844
           2.92     -0.8506312      0.1483155      0.4412739      1.6284649      44.367714
           2.93    -0.84692116     0.14781136     0.43783236       1.600496         44.585
           2.94    -0.84253066     0.14585445     0.43240992      1.5684301      44.834358
           2.95    -0.83774228     0.14370016     0.42688902      1.5226598      45.064732
           2.96    -0.83394754     0.14160008     0.42097874      1.4771295      45.239636
           2.97    -0.82985712     0.14172796     0.42124897      1.4803755       45.47416
           2.98     -0.8254803     0.13879983     0.41132504       1.413561      45.669956
           2.99    -0.82125004     0.13796728      0.4047655       1.391621       45.88422
              3    -0.81733382     0.13701006     0.40338191      1.3699638      46.116644
           3.01    -0.81365394     0.13514249     0.39887573      1.3372171      46.304028
           3.02    -0.80926468      0.1342941     0.39324879      1.3008725      46.535096
           3.03    -0.80559786     0.13279229     0.38842441      1.2799843      46.711612
           3.04      -0.801569     0.13152519     0.38428689      1.2589898      46.944114
           3.05    -0.79792816     0.13085712     0.38002993      1.2301059      47.103428
           3.06    -0.79391064     0.12984618     0.37329122        1.20636      47.325584
           3.07    -0.78997112     0.12830238     0.37022644      1.1799227      47.553786
           3.08    -0.78681318     0.12778548     0.36614056      1.1699726      47.712006
           3.09    -0.78253022     0.12585905     0.36274714      1.1348315      47.940754
            3.1     -0.7792499     0.12558056     0.35900712      1.1266581      48.111816
           3.11    -0.77593544     0.12448375     0.35637958      1.1095308       48.28562
           3.12    -0.77207106     0.12390572      0.3508777      1.0857834       48.51137
           3.13    -0.76877452      0.1227137     0.34862913      1.0636082      48.698212
           3.14    -0.76465034     0.12125202     0.34482774      1.0435337      48.880896
           3.15    -0.76181722     0.12058653     0.34061346      1.0184076      49.051702
           3.16    -0.75856938     0.12026164     0.33884566      1.0144084      49.269798
           3.17      -0.754855      0.1192382     0.33622209     0.99177757      49.470352
           3.18    -0.75147536     0.11817494     0.33115075     0.97351804      49.632158
           3.19    -0.74866862     0.11770705     0.32845149     0.96492779       49.76104
            3.2    -0.74512402     0.11698006     0.32484565     0.94842037      49.994322
           3.21    -0.74206968     0.11550321     0.32109207     0.92611831      50.180354
           3.22    -0.73856722     0.11530888     0.31803428     0.91179801       50.33454
           3.23     -0.7353468     0.11412318     0.31534548     0.90083273      50.496854
           3.24    -0.73272862     0.11401168     0.31216171     0.89210002      50.660826
           3.25    -0.72955248     0.11368353     0.31134118     0.88247527      50.871784
           3.26     -0.7266641     0.11281234     0.30619088     0.86644431      51.022814
           3.27    -0.72344306     0.11227695     0.30381921     0.86202818      51.175906
           3.28     -0.7202511     0.11112643     0.30070717     0.83774842      51.362372
           3.29     -0.7171596     0.11074712     0.29750366     0.82688309      51.519504
            3.3    -0.71423422     0.10966575      0.2956037     0.81364711      51.698584
           3.31     -0.7115049     0.10931696     0.29255936     0.80156264       51.84596
           3.32    -0.70837414     0.10849102     0.28962722     0.79481918      52.038574
           3.33    -0.70564158      0.1080373     0.28741367     0.78217858       52.17866
           3.34    -0.70247942     0.10808201      0.2844021     0.78075547      52.341796
           3.35      -0.699812     0.10688456     0.28244377     0.75986769      52.511152
           3.36    -0.69698842      0.1060808     0.27990884     0.75105494      52.652258
           3.37    -0.69399484     0.10532177     0.27629577     0.73223995       52.84463
           3.38    -0.69109108     0.10512689     0.27521434     0.73312766      52.989102
           3.39    -0.68855194     0.10422532     0.27086108     0.71555885      53.147558
            3.4     -0.6856448     0.10401747     0.26842404      0.7093524      53.300888
           3.41    -0.68329158     0.10377403     0.26945336     0.70806867      53.417164
           3.42    -0.68042142     0.10259829      0.2642513     0.69342669      53.615784
           3.43     -0.6779183     0.10241651     0.26237111     0.68042548      53.749236
           3.44    -0.67520504     0.10168648     0.26080652     0.67533645      53.892748
           3.45    -0.67301542     0.10145473     0.25806676     0.66983586      54.048912
           3.46     -0.6703311     0.10065013     0.25686159     0.65691609       54.19327
           3.47    -0.66741438     0.10006282     0.25390329     0.64551439      54.365332
           3.48    -0.66521354     0.10031874     0.25128277      0.6492707      54.482766
           3.49    -0.66301184     0.09941456     0.24982761     0.63780286      54.637036
            3.5    -0.66011778     0.09900236     0.24795897     0.62993717      54.747184
