# Initial state: Random
# T  -  <E>  -  <|M|>  -  C_V  -  Xsi  -  accepted
              1      -1.973636       0.950082      3.0924078      12.368845          1.036
           1.01       -1.99671       0.999163    0.025737045   0.0017284875         0.0864
           1.02      -1.996158       0.999016    0.030211087   0.0020948016          0.087
           1.03      -1.996746       0.999165    0.024730506   0.0017544757          0.087
           1.04      -1.996096       0.998996    0.030117893   0.0021392246          0.109
           1.05       -1.99587       0.998948    0.031144889   0.0022069699          0.102
           1.06      -1.995826       0.998933    0.031540664   0.0022741551         0.1136
           1.07      -1.994924       0.998694    0.035899807   0.0026483604         0.1236
           1.08      -1.994568       0.998605    0.037055342   0.0027514722         0.1352
           1.09       -1.99424       0.998516    0.039977241   0.0030303648         0.1368
            1.1       -1.99395       0.998443    0.041460331   0.0031348185         0.1452
           1.11      -1.993504        0.99833    0.042555632   0.0032724685         0.1678
           1.12      -1.993244       0.998252    0.047422342   0.0037730343         0.1778
           1.13       -1.99244       0.998046    0.047642384   0.0038413749         0.1878
           1.14      -1.992362       0.998026    0.046833166   0.0037415172         0.2044
           1.15      -1.991562       0.997813    0.056190595   0.0045746195         0.2494
           1.16       -1.99101       0.997655     0.05529129   0.0047882672         0.2118
           1.17      -1.990168       0.997432    0.064954862   0.0056223508         0.2442
           1.18      -1.989792       0.997351    0.064107077   0.0054026437          0.258
           1.19      -1.989112       0.997158    0.065490137    0.005644718         0.2814
            1.2      -1.989226       0.997207    0.064772479   0.0055580503         0.2712
           1.21       -1.98728       0.996685    0.071481893   0.0062002562         0.3108
           1.22      -1.986786       0.996536    0.073896857    0.006829739         0.3384
           1.23      -1.986724       0.996527    0.071520345   0.0064953727          0.351
           1.24      -1.985766       0.996262    0.080898347   0.0075120503         0.3948
           1.25       -1.98541        0.99617    0.082829286    0.007757152         0.3908
           1.26      -1.983536       0.995678    0.089104738   0.0084191479         0.4102
           1.27        -1.9836        0.99568    0.082713125   0.0080779843         0.4236
           1.28      -1.982182       0.995266    0.093129608   0.0093435137         0.4656
           1.29      -1.981022       0.994972     0.09653639   0.0097796019         0.5502
            1.3      -1.980724       0.994893    0.096813213   0.0099303234          0.496
           1.31      -1.979906       0.994657      0.1031854    0.010561023         0.5524
           1.32      -1.977978       0.994107     0.10987409    0.011805318         0.5796
           1.33      -1.977152       0.993935     0.11220734    0.011540083         0.5832
           1.34      -1.976298        0.99367     0.11758414    0.012731672         0.6572
           1.35      -1.974308       0.993156     0.11901918     0.01266953         0.6904
           1.36      -1.973954       0.993028     0.12124262    0.013329769         0.7048
           1.37      -1.972314       0.992573     0.12814863    0.014144429          0.741
           1.38       -1.96963        0.99187     0.14430647    0.016035681          0.796
           1.39      -1.970112       0.991946     0.13640442    0.015503046         0.8342
            1.4      -1.968864       0.991607     0.13412031    0.015397872         0.8512
           1.41      -1.966492       0.990959     0.14487278    0.017326332         0.9338
           1.42      -1.965092       0.990559     0.15403125    0.018073949         0.9684
           1.43      -1.965496        0.99071     0.14704171    0.017352699         0.9636
           1.44      -1.960784        0.98933     0.17139378    0.021255861         1.0464
           1.45      -1.960786       0.989289     0.17094358    0.021914339         1.0698
           1.46      -1.957756       0.988375     0.18128813    0.023954623         1.1688
           1.47      -1.956252       0.987975     0.18042714    0.023960374          1.123
           1.48       -1.95501       0.987723     0.18476989    0.023337911         1.1804
           1.49      -1.952974       0.987052     0.19775241    0.026372965         1.2878
            1.5      -1.950014       0.986261      0.1970453    0.026307968          1.372
           1.51      -1.949646       0.986068     0.19822546      0.0275601         1.3392
           1.52      -1.947974        0.98554     0.20864185    0.030120632         1.4558
           1.53      -1.945098       0.984645     0.21830756    0.032836333         1.4658
           1.54      -1.942768       0.984051      0.2257747    0.032585558         1.5124
           1.55      -1.940884       0.983522     0.23179497    0.033250456         1.6674
           1.56      -1.939054       0.982904     0.24453075    0.038029945         1.6726
           1.57        -1.9351        0.98168     0.25232829    0.039810854         1.8032
           1.58      -1.933926       0.981494     0.24235323    0.036439991         1.8024
           1.59      -1.928952        0.97988     0.26922063    0.044137258         1.9426
            1.6      -1.929436       0.980071      0.2525503     0.03940499         1.9512
           1.61      -1.925972       0.978921     0.27259677    0.046308263         2.1062
           1.62      -1.922308       0.977662     0.26491589    0.046929322         2.2006
           1.63      -1.919186       0.976908      0.2821269    0.049006021         2.1894
           1.64      -1.919608       0.976986     0.27961427    0.048003855         2.2012
           1.65      -1.913758       0.975122     0.30019136    0.054185483         2.4306
           1.66       -1.91098       0.974141     0.32034832    0.060512559         2.4674
           1.67      -1.908552       0.973367       0.307772    0.060471452         2.6792
           1.68      -1.905628       0.972418      0.3209305    0.062110304         2.6726
           1.69       -1.90433       0.972243      0.3201388    0.060732296          2.842
            1.7      -1.897818       0.970032     0.33480123    0.065724465         2.7832
           1.71      -1.895202       0.969196     0.34543814    0.067741189         3.0226
           1.72      -1.889152       0.966824     0.37451067    0.081630936         3.2676
           1.73      -1.889756       0.967267     0.34973176    0.077867216          3.224
           1.74      -1.887326       0.966769     0.37535074    0.077849572          3.392
           1.75      -1.879456       0.964039     0.36469343    0.078443767         3.4584
           1.76      -1.874942       0.962345     0.39633738    0.093421812         3.7032
           1.77       -1.87208       0.961233     0.39913864    0.098855302         3.7266
           1.78        -1.8691       0.960483     0.40584143     0.09703634          3.951
           1.79      -1.863322       0.958358     0.43178482     0.10623773         3.9208
            1.8      -1.859192       0.956545     0.44252187     0.11523288         4.0342
           1.81      -1.856284       0.956505     0.43871083     0.10185193         4.3606
           1.82      -1.852422       0.954712      0.4314544     0.10808067         4.4252
           1.83      -1.847952       0.952902     0.47000576     0.12694828         4.3776
           1.84      -1.838748       0.949139     0.46643579     0.14294428         4.7426
           1.85      -1.837498       0.949377     0.46892973     0.13070203         4.9558
           1.86      -1.830184       0.947053     0.49105401     0.14180864         5.0948
           1.87      -1.828516       0.945912     0.50423607     0.14752262         5.1398
           1.88       -1.81973       0.941538     0.55524978     0.22764565         5.5446
           1.89        -1.8142       0.940085     0.58062428     0.18992334         5.5768
            1.9      -1.810284       0.937718     0.58971738     0.23748894         5.9298
           1.91      -1.802032        0.93553     0.57093511     0.20459667              6
           1.92      -1.801662       0.934267     0.60582224     0.26049952         6.2814
           1.93      -1.788226       0.929426     0.61563134     0.24370581         6.3112
           1.94      -1.784822       0.928585     0.62555089     0.25209542         6.7284
           1.95      -1.779042       0.924735     0.68318656     0.34270047         6.8078
           1.96      -1.770226       0.923474      0.6372604     0.25890435         6.9866
           1.97       -1.76983       0.922577     0.63897252     0.25958458         6.8304
           1.98      -1.762244       0.919108     0.65403576     0.29168168         7.0662
           1.99      -1.752612       0.914208     0.68235221     0.35918447         7.5778
              2      -1.734498       0.903539      0.7878628      0.6138701         8.2712
           2.01      -1.731908       0.904772     0.78547358       0.443321          8.337
           2.02      -1.732608       0.905008     0.79829804     0.44826137          8.327
           2.03      -1.722284       0.900076     0.76091954     0.46359098         8.7738
           2.04      -1.710778       0.895122     0.80751006     0.49106963         9.0566
           2.05        -1.7047       0.888284     0.90382296      0.8187308         8.8856
           2.06       -1.69489         0.8844      0.9190902     0.71990485        10.3816
           2.07      -1.686664       0.878966     0.94552602      1.0892523        10.1062
           2.08        -1.6833       0.881876     0.87232156     0.55940589         9.8854
           2.09      -1.674942       0.875267     0.98235083     0.94488492         9.8474
            2.1      -1.667068       0.875144     0.84631323     0.59891605        10.4604
           2.11       -1.64992       0.863576     0.98400248     0.84988289        11.4134
           2.12      -1.634866       0.850392      1.0131881      1.1627955         12.282
           2.13      -1.640814       0.858941     0.98173444     0.94022226         11.703
           2.14      -1.620618       0.848052      1.0282748     0.89659538        12.1096
           2.15      -1.597228       0.820612      1.1383932      2.2423694        13.6314
           2.16      -1.585164       0.819904      1.1423262      1.4579964        13.7624
           2.17      -1.582366       0.815899      1.2190518      2.3632566        13.8662
           2.18      -1.563822       0.797233      1.2636893      2.8254456        14.6962
           2.19      -1.572684       0.814101      1.0858853      1.5669985         13.924
            2.2      -1.527128       0.773958      1.3947332      2.8594808        15.8612
           2.21      -1.528484       0.774768      1.3180485      3.1881948         15.639
           2.22      -1.530836       0.787478      1.2242952      1.9281026        15.0722
           2.23       -1.52111       0.783366       1.340355      2.0628359         15.803
           2.24      -1.495432       0.755433      1.3219239      3.0091353        16.3832
           2.25      -1.478514       0.730583      1.6609574      4.7331529         17.397
           2.26      -1.437482       0.667723      1.6179654      6.7525841        17.9668
           2.27      -1.451064         0.7149      1.4812372      3.8050872        18.1674
           2.28      -1.426574       0.672813      1.6402834      6.0807354         19.552
           2.29      -1.446348       0.719763      1.3909684      4.1034234        17.9714
            2.3       -1.38672       0.611817      1.7860992      9.9573989        22.5684
           2.31      -1.399818       0.659434      1.5685723       6.952722        19.7348
           2.32      -1.371002       0.622578      1.5784346      6.6231714         21.415
           2.33      -1.335288       0.587365      1.5618572      7.0694406        23.2774
           2.34      -1.347542       0.608037      1.5491401       7.618255        21.0282
           2.35      -1.275288       0.445418      1.4344197      10.255618        26.4952
           2.36       -1.29603       0.537799      1.5178123      7.9293611        24.2382
           2.37      -1.271194       0.479101      1.4977368      9.6130931        27.3406
           2.38      -1.276752       0.511701      1.4850625      8.3806019        22.9454
           2.39      -1.239046       0.435707      1.4453633      9.6247071        28.2446
            2.4      -1.204704       0.371461      1.2247634      8.1254251        27.8096
