# Initial state: Random
# T  -  <E>  -  <|M|>  -  C_V  -  Xsi  -  accepted
              1     -1.9947456      0.9943404     0.35039811       1.325376        0.16898
           1.01     -1.9969002      0.9992076    0.025246639    0.001735486        0.08016
           1.02     -1.9966562      0.9991453    0.026607075   0.0018447011        0.08512
           1.03     -1.9965074      0.9991077    0.027238663   0.0018894372        0.09308
           1.04     -1.9960534      0.9989907    0.030193176   0.0021199283        0.09964
           1.05     -1.9957184      0.9989013    0.032050758   0.0023235651        0.10632
           1.06      -1.995494      0.9988446    0.033112127   0.0024049248        0.11624
           1.07     -1.9950864      0.9987376    0.035433849   0.0026139612        0.12652
           1.08     -1.9948568      0.9986791    0.036563612   0.0027210086        0.13468
           1.09     -1.9943658      0.9985509    0.039873341   0.0029980217        0.14714
            1.1     -1.9939988      0.9984564    0.041486809   0.0031582906        0.15678
           1.11     -1.9935164      0.9983249    0.044049324   0.0034437982        0.16832
           1.12     -1.9931898      0.9982439    0.045316064    0.003543076        0.17566
           1.13     -1.9924888      0.9980575    0.049088221   0.0039182987        0.19148
           1.14     -1.9921936      0.9979834    0.050219797   0.0040176577         0.1999
           1.15      -1.991814       0.997884    0.052810708   0.0042815805        0.21648
           1.16     -1.9909254      0.9976468    0.056642579    0.004686362         0.2345
           1.17     -1.9906216      0.9975684    0.057052995   0.0047385714        0.23998
           1.18     -1.9897688      0.9973359    0.062572406   0.0053407021        0.26416
           1.19     -1.9893302      0.9972191    0.063852374   0.0055365026        0.27486
            1.2     -1.9881466      0.9969032    0.069500808   0.0061176099        0.30192
           1.21     -1.9881264      0.9968944    0.068691926   0.0061157847        0.31852
           1.22     -1.9872482       0.996665    0.072778715   0.0065248443         0.3374
           1.23     -1.9865142      0.9964612    0.077318844   0.0071014291        0.35832
           1.24     -1.9855378      0.9962067    0.081318099   0.0075278629        0.37122
           1.25     -1.9847182      0.9959808    0.083667095     0.00789441        0.40148
           1.26     -1.9840702      0.9958136     0.08654862   0.0082139857        0.41876
           1.27     -1.9831216      0.9955414    0.090085588   0.0087495704         0.4373
           1.28     -1.9819544      0.9952247    0.095124102   0.0093790656        0.47994
           1.29     -1.9809456      0.9949529      0.1007242    0.010022723        0.50018
            1.3     -1.9803246      0.9947851     0.10059755    0.010158559        0.53062
           1.31      -1.979301      0.9944932     0.10506926    0.011046154         0.5506
           1.32     -1.9778352      0.9941101     0.10963858    0.011385327        0.58854
           1.33     -1.9770586      0.9938914     0.11260561    0.011760002        0.61356
           1.34     -1.9756968      0.9935083     0.11965393    0.012803681        0.63612
           1.35     -1.9749228      0.9933016     0.12033449     0.01299213        0.67146
           1.36     -1.9733678      0.9928562     0.12714445    0.014022977        0.71744
           1.37     -1.9722202      0.9925447     0.13043395    0.014643796        0.74304
           1.38     -1.9710644      0.9922225     0.13329785    0.015030433        0.76552
           1.39      -1.969287      0.9917153     0.14104894    0.016364387        0.82688
            1.4      -1.968557      0.9915278     0.14213464    0.016499093         0.8591
           1.41     -1.9667082       0.991001     0.14865531    0.017445673        0.90092
           1.42      -1.965185      0.9905646     0.15281051     0.01841274         0.9298
           1.43     -1.9631304      0.9899755     0.16065032    0.019734517        0.98222
           1.44     -1.9619388      0.9896465       0.164734    0.020386538        1.03232
           1.45       -1.96042      0.9891974     0.16922932    0.021349195        1.08132
           1.46     -1.9582624      0.9885794     0.17583801    0.022463807         1.1466
           1.47      -1.956905      0.9881867      0.1794443    0.023449916        1.17802
           1.48     -1.9548404       0.987559     0.18495883    0.024920951        1.23564
           1.49     -1.9529952      0.9870481     0.18997717    0.025382493         1.2828
            1.5     -1.9505934       0.986369     0.19964264    0.027159157        1.32854
           1.51     -1.9494284      0.9860255      0.1998497    0.027627775        1.40634
           1.52     -1.9469006      0.9852477     0.20950341    0.029963196        1.46912
           1.53     -1.9446408      0.9845742     0.21652578    0.031353384        1.52006
           1.54     -1.9425722      0.9839898     0.21995577    0.032172337        1.57848
           1.55     -1.9401678      0.9832306     0.23016389    0.035043154        1.66414
           1.56     -1.9381562      0.9826354     0.23633899    0.036009658        1.71838
           1.57     -1.9360876      0.9820102     0.24136787    0.037470598        1.78484
           1.58     -1.9339514      0.9813707     0.24355399    0.038026502         1.8401
           1.59     -1.9304464      0.9802357     0.26175052    0.043262628        1.94314
            1.6      -1.927905      0.9795019     0.26340515    0.044150849        1.99386
           1.61     -1.9257268      0.9788536     0.26950129    0.045071495        2.08268
           1.62     -1.9224978      0.9778588     0.27704786    0.047497596        2.14078
           1.63     -1.9199072       0.977047     0.28699724    0.049747433         2.2798
           1.64     -1.9176056      0.9762949     0.28915093    0.051447252        2.32994
           1.65      -1.913777      0.9750853     0.29987736     0.05422163        2.44928
           1.66     -1.9113254       0.974389     0.30218861    0.055258236        2.51964
           1.67     -1.9081266      0.9732833      0.3188515    0.061216633        2.64074
           1.68     -1.9047972      0.9721624     0.32461945    0.064468578         2.7044
           1.69     -1.9018978      0.9713899     0.32558865    0.062828326        2.83386
            1.7     -1.8985748      0.9702448     0.33908329    0.068226605        2.92388
           1.71     -1.8944554      0.9689399     0.34789062    0.070686945        3.05228
           1.72     -1.8909144       0.967502     0.36744563    0.089589767        3.14962
           1.73     -1.8878572      0.9665881     0.37135306    0.083143454        3.21336
           1.74     -1.8832138      0.9650957      0.3771158    0.084899849        3.32866
           1.75     -1.8805976      0.9642317     0.38426473    0.087286221        3.46248
           1.76     -1.8772616      0.9632301     0.39368455    0.088481808        3.53412
           1.77      -1.871353      0.9610726     0.41586407    0.098460007         3.6733
           1.78     -1.8683444      0.9600008     0.42230918     0.10323708        3.83848
           1.79      -1.864277      0.9586835      0.4236159     0.10332186        3.94954
            1.8     -1.8599902      0.9572639     0.43600814     0.10870828        4.11408
           1.81     -1.8542024      0.9548363     0.45294488      0.1236638        4.31262
           1.82     -1.8502928      0.9536002     0.45478883     0.12480188        4.36676
           1.83     -1.8462106      0.9522369     0.46670016     0.12704804        4.57754
           1.84     -1.8401764      0.9499092     0.48878035     0.14317408         4.7767
           1.85     -1.8356118      0.9483032      0.4975808       0.146907        4.87388
           1.86      -1.830759      0.9464424      0.5060948     0.15891752         5.0048
           1.87     -1.8258824      0.9446093     0.52270861      0.1699589        5.24572
           1.88      -1.821214      0.9430987     0.53311071     0.16509352         5.3221
           1.89     -1.8162364      0.9408399     0.54102487     0.18914774        5.50998
            1.9       -1.80847      0.9376277     0.56619868     0.20495783        5.75012
           1.91     -1.8038038       0.936388     0.56241628     0.19636114        5.89736
           1.92     -1.7961012      0.9330295     0.59891486     0.23667909        6.17644
           1.93     -1.7924574      0.9315762     0.59951346     0.23119764         6.3184
           1.94     -1.7857344      0.9289031     0.60680462     0.23780501        6.59792
           1.95     -1.7788042      0.9259929     0.62388934     0.26223501        6.66852
           1.96     -1.7720856      0.9227669     0.66308645     0.30445363        7.05628
           1.97     -1.7675028      0.9211864     0.66378623     0.29892172        7.14118
           1.98     -1.7599378      0.9175501     0.68338599     0.32071767         7.3912
           1.99     -1.7527494      0.9146724      0.7123124     0.34544617        7.67896
              2     -1.7454922      0.9113466     0.71225697     0.36310693        7.83318
           2.01     -1.7390288      0.9085083     0.74833561     0.39743489        8.15196
           2.02     -1.7308914      0.9044306     0.76240324     0.44018471        8.45636
           2.03      -1.721902      0.9005014     0.77157188     0.45324958        8.68786
           2.04      -1.715154      0.8972724     0.79653636       0.483842        9.08234
           2.05     -1.7078424      0.8931611     0.85329483     0.58994399        9.31156
           2.06     -1.6958728      0.8838966     0.89620947      1.0974368         9.5015
           2.07     -1.6896126      0.8841661     0.85534037     0.62542437        9.94172
           2.08     -1.6803372       0.877071     0.93079792     0.97269153       10.30896
           2.09     -1.6726972      0.8754451     0.89777039     0.71090725        10.4276
            2.1     -1.6608664      0.8681135     0.97457681     0.90632221       10.92358
           2.11      -1.648269      0.8579381      1.0407157      1.4446963       11.39504
           2.12       -1.64271      0.8571357      1.0134909      1.0684812        11.5894
           2.13     -1.6319612      0.8507793      1.0433974      1.2697771       11.90564
           2.14      -1.624423      0.8456866      1.0833675      1.4414194       12.34864
           2.15     -1.6109398      0.8358399      1.1432407      1.8237888       12.63078
           2.16      -1.597044       0.827963      1.1698733      1.6662594       13.12784
           2.17     -1.5906098      0.8242506      1.1666278       1.763839        13.0825
           2.18     -1.5718044      0.8092248      1.2533336      2.2715136       13.82368
           2.19     -1.5609056      0.7954683      1.3733252      3.5339562        14.4897
            2.2     -1.5512444      0.7945767      1.3175276      2.7559222          14.64
           2.21     -1.5421624      0.7898641      1.3033132      2.5220927       15.35124
           2.22     -1.5225924      0.7650808      1.4268728       4.194152        15.9604
           2.23      -1.505748      0.7487861      1.5339949      4.7336692       16.75166
           2.24     -1.4960388      0.7471501      1.4827204      4.3638121        17.5061
           2.25     -1.4778998      0.7291016      1.4877051      4.7801239       17.70842
           2.26     -1.4660812      0.7200866      1.4862823      4.9152681        18.0789
           2.27     -1.4531598      0.7105555      1.5161253      5.0180941       18.35514
           2.28      -1.427985      0.6750233      1.6268662      6.8043739       19.12388
           2.29     -1.4159444      0.6644093       1.674474      6.7778953       19.51134
            2.3      -1.399515       0.649437      1.6359548      6.8864576        19.9323
           2.31     -1.3790908       0.625605       1.664932      7.7373089       20.82142
           2.32     -1.3608128      0.5995087       1.660881      8.3635469       21.59108
           2.33     -1.3540468      0.6062036      1.5753329      7.1703463       22.29862
           2.34       -1.32125      0.5483699      1.6136327      9.1808889       23.60016
           2.35     -1.3157062      0.5489635      1.6554434      8.9528494       23.27346
           2.36      -1.296953      0.5252163      1.5382251      8.9688181       24.31684
           2.37     -1.2799548      0.4963963      1.5955578      9.8542958        25.1288
           2.38      -1.262835      0.4792782      1.5200568      9.2653277       25.73882
           2.39     -1.2455358      0.4595692      1.4243006       8.926535       26.78586
            2.4     -1.2320072      0.4456242      1.3782591      8.8924446       27.18216
           2.41     -1.2230032      0.4328803      1.4206125      9.1260241       27.55724
           2.42     -1.2109882      0.4224595      1.3264232      8.6263473       27.64492
           2.43     -1.1936198      0.3912549       1.270584      8.5009256       28.78356
           2.44      -1.185089      0.3972011      1.2301314      7.9471421        28.9383
           2.45     -1.1680056      0.3658967      1.1703053      7.8158347       29.60832
           2.46      -1.163888      0.3735366      1.1066804      7.3790676       29.58588
           2.47     -1.1468102      0.3481122      1.1141031      7.3051477       30.58856
           2.48     -1.1376012      0.3397828      1.0261383      6.8565937        31.0164
           2.49     -1.1300656      0.3284624      1.0339307      6.9371593       31.72954
            2.5     -1.1184236      0.3259093      1.0469757      6.6323476       31.90334
           2.51      -1.107649      0.3066734     0.95599059      6.3074997       32.19916
           2.52      -1.101346      0.3044126     0.94986195      6.1392827       32.50404
           2.53     -1.0861334      0.2883126     0.87822071      5.5982629       33.22192
           2.54     -1.0785714       0.277543     0.86547294       5.360967       33.52746
           2.55     -1.0727544      0.2749834      0.8520699      5.3541683       33.70816
           2.56     -1.0581742      0.2570133     0.79313211      4.6959921       34.34434
           2.57     -1.0556786       0.256056     0.79341819      4.8092837       34.65014
           2.58     -1.0470134      0.2539375     0.78132241      4.6934337       35.03582
           2.59     -1.0393072      0.2505326     0.78608608      4.6435914       35.40714
            2.6      -1.031581      0.2479821     0.74883257      4.3760007        35.6264
           2.61     -1.0257516      0.2387273     0.73053226      4.1601074       35.96282
           2.62     -1.0142896      0.2323886     0.72101948      4.0270834        36.4797
           2.63     -1.0119722      0.2319641      0.6961808        3.91624       36.63608
           2.64     -1.0023734      0.2168957     0.67580951      3.5222775        37.0569
           2.65     -0.9991126       0.225429     0.68794979      3.7518243       37.35252
           2.66     -0.9895054      0.2109928     0.64519178       3.408157        37.7691
           2.67     -0.9815164      0.2073051     0.63208678      3.1718211       37.92916
           2.68     -0.9737084      0.2023913     0.62078212      3.1508523       38.41834
           2.69     -0.9724714      0.2065104     0.63917647      3.3284951       38.42324
            2.7     -0.9651748      0.1994396      0.5981288      2.8827961       38.80694
           2.71     -0.9610118       0.201119     0.61119006      3.0624609       39.06488
           2.72     -0.9540988      0.1968502     0.59749199      2.9220797        39.2832
           2.73     -0.9472408      0.1890957     0.58249148      2.6713299       39.68076
           2.74     -0.9419068      0.1894956     0.57852459      2.7074267       39.72772
           2.75       -0.93405      0.1820034     0.56083684      2.5294895        40.3396
           2.76     -0.9315752      0.1826969      0.5547817      2.5601763       40.41084
           2.77     -0.9234154      0.1728858     0.52637876      2.3297597       40.78796
           2.78     -0.9213066      0.1779289     0.53427415      2.3586003       40.90418
           2.79     -0.9143932      0.1767206     0.52833606      2.2895938       41.21236
            2.8       -0.91065       0.174692      0.5300211      2.2781643       41.29226
           2.81     -0.9046752      0.1663656     0.51366353      2.1390839       41.61858
           2.82     -0.8981354      0.1670086     0.50616696       2.118955       42.00534
           2.83     -0.8932718      0.1661275      0.5072921      2.0742977       42.29844
           2.84      -0.886968      0.1589807     0.49588926      1.9446913       42.36934
           2.85     -0.8830268      0.1597236        0.49047      1.9453642       42.75466
           2.86      -0.878068      0.1562043     0.47053017      1.8606262       42.93694
           2.87     -0.8730128      0.1578618     0.46962712      1.8498205       43.13458
           2.88     -0.8696988      0.1566567      0.4520915       1.803238       43.29908
           2.89     -0.8654064      0.1540425     0.46173196      1.7731687       43.58522
            2.9     -0.8602988      0.1523944     0.45572712      1.7371603       43.96528
           2.91     -0.8558734      0.1526667     0.44516362      1.6787571        44.1636
           2.92     -0.8509228       0.145178     0.45273862      1.5856818        44.3992
           2.93     -0.8475572      0.1480578     0.43557953      1.6421612       44.49008
           2.94      -0.842979      0.1447805     0.43189114      1.5800951       44.70674
           2.95      -0.838129       0.143739     0.42913983      1.5399075       44.93408
           2.96     -0.8328116      0.1418146     0.42748242       1.486678       45.27726
           2.97     -0.8319854      0.1411761     0.41645003      1.4576551       45.50454
           2.98     -0.8249064       0.137517     0.41370728      1.4110754       45.72064
           2.99     -0.8216822      0.1377647     0.40622741      1.3822132       45.83006
              3     -0.8175576      0.1371214      0.4041203      1.3708617       46.16396
