# Initial state: Random
# T  -  <E>  -  <|M|>  -  C_V  -  Xsi  -  accepted
              1     -1.9970395     0.99902882    0.039826863    0.068222458       0.076905
           1.01     -1.9969284      0.9992157    0.024845219   0.0016923459        0.07851
           1.02     -1.9966517     0.99914413    0.026632238   0.0018407138       0.085434
           1.03     -1.9963568     0.99906875    0.028375963    0.001978145       0.092636
           1.04     -1.9961164     0.99900584    0.029669833   0.0020995696        0.09986
           1.05     -1.9958105      0.9989265    0.031521937   0.0022618468       0.107656
           1.06     -1.9954764     0.99884052    0.033315057   0.0024137759        0.11532
           1.07     -1.9951011     0.99874255     0.03552379   0.0026125821       0.125184
           1.08     -1.9947302     0.99864558    0.037506724   0.0027979431        0.13434
           1.09     -1.9943777     0.99855329    0.039436577   0.0029857397       0.143979
            1.1     -1.9939671     0.99844645    0.041628099   0.0031874334        0.15461
           1.11     -1.9935095     0.99832548    0.044024157   0.0034246755       0.165813
           1.12     -1.9930933     0.99821769     0.04612609   0.0036212192       0.178136
           1.13     -1.9926331     0.99809653    0.048435472   0.0038572552       0.189919
           1.14      -1.992127     0.99796297    0.050773587   0.0040991083       0.202655
           1.15     -1.9916313     0.99783122    0.053274293   0.0043646064       0.217358
           1.16     -1.9910664     0.99768211    0.055937703   0.0046453566       0.232136
           1.17     -1.9904734     0.99752501    0.058766958   0.0049447262       0.247854
           1.18     -1.9898745     0.99736418      0.0615847   0.0052694247       0.262952
           1.19     -1.9892412     0.99719731    0.064366671   0.0055634382       0.280758
            1.2     -1.9885835     0.99702324    0.067210722    0.005880465       0.296984
           1.21     -1.9879153     0.99684431    0.070074246   0.0062095771       0.314584
           1.22     -1.9871841      0.9966472    0.073370168    0.006607404       0.335443
           1.23     -1.9864658     0.99645664    0.076147275   0.0069349139       0.353261
           1.24     -1.9856533     0.99623747    0.079694183   0.0073608647       0.375712
           1.25      -1.984868      0.9960239     0.08313323   0.0078035565       0.397972
           1.26     -1.9839838      0.9957847    0.086475313   0.0082435543        0.42011
           1.27      -1.983139     0.99555676    0.090084318   0.0086830355       0.442946
           1.28     -1.9822038     0.99530401    0.093462494   0.0091286894       0.470024
           1.29     -1.9812471     0.99503914    0.097287979   0.0096600135       0.495154
            1.3      -1.980295     0.99478179     0.10095765    0.010160872       0.522556
           1.31     -1.9792137      0.9944847     0.10508068    0.010740906       0.551329
           1.32     -1.9781588     0.99419711     0.10858587    0.011229748       0.580293
           1.33     -1.9770327     0.99388236      0.1134272    0.011943333       0.610402
           1.34     -1.9758606     0.99356109     0.11743748    0.012492832        0.64264
           1.35     -1.9746955     0.99323819     0.12130543    0.013119728       0.674912
           1.36     -1.9735225     0.99291314     0.12541269    0.013752902       0.706209
           1.37     -1.9721684     0.99253155     0.13009515    0.014544147       0.743183
           1.38      -1.970886     0.99217391     0.13455163    0.015240005       0.779972
           1.39     -1.9695049     0.99178513     0.13937184    0.016028868        0.82167
            1.4       -1.96811      0.9913923     0.14368905    0.016797161       0.858356
           1.41     -1.9666162     0.99097033     0.14850689    0.017612712       0.900424
           1.42     -1.9651154     0.99054311     0.15341251    0.018487375        0.94085
           1.43     -1.9636282     0.99012439     0.15808137    0.019325434       0.982439
           1.44     -1.9619088     0.98962969     0.16410202    0.020431651       1.033732
           1.45     -1.9602669     0.98916071     0.16872412    0.021332356       1.078688
           1.46     -1.9585326     0.98865827     0.17442722    0.022419414       1.125259
           1.47     -1.9568247     0.98816665     0.17969445    0.023404837        1.17519
           1.48     -1.9549753     0.98762974     0.18534142    0.024559896       1.229948
           1.49      -1.953111     0.98708389     0.19064635    0.025689585       1.287929
            1.5     -1.9510331     0.98647649     0.19767988    0.027153205       1.341285
           1.51     -1.9491162     0.98591524     0.20350898    0.028296539       1.397591
