# Initial state: Random
# MCcycles  -  T  -  Eaverage/part.  -  C_V  -  M/part  -  Xsi  -  abs(M)_average/part  -  N_accepted
           1000              1       -1.74685       0.831831        0.08425      8.1553686        0.21778          17932
           1015              1     -1.9849655      2.2074379     0.98488177      2.6875018     0.98488177           1592
           1031              1     -1.9770805      3.3946508    -0.97083414      5.7893046     0.97083414           2449
           1047              1     -1.9879656      1.7893283    -0.99082139      1.5269317     0.99082139           1413
           1063              1     -1.8906303      7.6868778     -0.6876905      60.330185     0.69176388           9066
           1079              1     -1.9498332      4.9197294     0.88646895      26.617185     0.88801668           4189
           1096              1     -1.7430201      0.6699648    -0.19376825      6.9404519     0.20218066          20839
           1113              1      -1.983558      2.0776677     0.97814016      4.8817251     0.97814016           1928
           1130              1     -1.9335398      5.9321914    -0.85574336      29.809283     0.85574336           5903
           1148              1     -1.9839983      2.1781003     0.98074477      4.1352921     0.98074477           1850
           1165              1     -1.9031931      6.9958186    -0.71224034      62.912136     0.71426609           8530
           1183              1     -1.9792054      2.6070847     0.96371936      9.2630354     0.96397295           2478
           1202              1     -1.9871464      1.9456613     0.98484609      3.1096827     0.98484609           1681
           1220              1     -1.7455082     0.73278194   0.0074262295      2.4498848     0.11979508          22152
           1239              1     -1.9892655      1.7390901    -0.99199758      1.4281779     0.99199758           1462
           1258              1     -1.9800238      2.9738313    -0.97000397      7.5435774     0.97024245           2590
           1278              1     -1.7440141     0.98989288   -0.030821596      4.8708488     0.19366197          23862
           1298              1     -1.9918875      1.2431666    -0.99485362     0.79858927     0.99485362           1232
           1318              1     -1.9847572       1.814893    -0.97802731      5.1698546     0.97802731           2148
           1338              1     -1.9854484      2.2435817    -0.98479447      3.0142208     0.98479447           2081
           1359              1     -1.8383664      6.5753564    -0.56754231      48.864346     0.56774099          15875
           1380              1     -1.9795652      3.1689679    -0.97354348      6.3790355     0.97354348           2827
           1401              1     -1.9564597      4.5413961     0.92251249      14.871433     0.92259101           5126
           1423              1     -1.8717287       7.390456     0.53011244       59.64106      0.6408714          13831
           1445              1      -1.987218      2.0978869    -0.98491349      3.8242392     0.98491349           2057
           1467              1     -1.9845331      2.1399741     0.97788003      5.6565509     0.97792774           2252
           1490              1     -1.8885168      6.9896972     0.71588926      45.632256     0.71597651          12065
           1513              1     -1.9916854      1.2619702     0.99455717     0.74686142     0.99455717           1400
           1536              1     -1.9873372      1.6498462    -0.98493164      3.1592625     0.98493164           2129
           1560              1     -1.9876218       1.797712    -0.98464423      3.4849301     0.98464423           2069
           1584              1     -1.8152588      5.7698217    -0.40939394      49.165932     0.47993056          21577
           1609              1      -1.990752       1.249867    -0.99101616      1.6079089     0.99101616           1713
           1634              1     -1.9917564      1.2054979     0.99474296     0.92161372     0.99474296           1436
           1659              1     -1.9908379      1.2778144     0.99223327      1.0407235     0.99223327           1766
           1685              1     -1.7734659      3.5870764     0.27350742      36.802046     0.31538872          28376
           1711              1     -1.9917008      1.0748219     0.99164231      1.6818901     0.99164231           1605
           1737              1     -1.9890558       1.328279     0.98603339      2.6962165     0.98603339           2083
           1764              1     -1.9903628       1.375775     0.99121032       1.482719     0.99121032           1917
           1791              1     -1.9872808      1.5289018     0.98403964      3.1450136     0.98403964           2482
           1819              1     -1.9894997      1.4190313     0.98912314      2.3977848     0.98912314           2039
           1847              1     -1.9912832      1.3702347     0.99257174      1.6758277     0.99257174           1834
           1876              1     -1.9892324      1.5693166     0.98956557      2.0347699     0.98956557           2202
           1905              1      -1.940273      5.2934925    -0.83603412      41.719422     0.83684777           9328
           1934              1      -1.987363      1.5978389     0.98309462      4.1343751     0.98309462           2661
           1964              1     -1.8094043      5.2789008     0.22151222       45.75101     0.48021385          26811
           1995              1     -1.9844912      2.0063275    -0.97913283      5.0966015     0.97913283           3137
           2026              1     -1.9828381      2.3226023    -0.97653751      5.9453772     0.97653751           3546
           2057              1     -1.9946719     0.76888741     0.99727516     0.37057895     0.99727516           1258
           2089              1     -1.9874629      1.4035717     0.98097415      4.1860876     0.98097415           2807
           2121              1     -1.9148562      6.2253241     -0.7689604      48.785111     0.76912541          13304
           2154              1     -1.7442108     0.59519189    0.075995822      7.9648986     0.18918059          40381
           2187              1     -1.9307773      5.5127716    -0.79740512      47.898337     0.80227481          11880
           2221              1     -1.9642864      3.5286076     0.90496173      27.192739      0.9065511           6212
           2255              1     -1.9856984      1.8695299     0.97989579      4.4829979     0.97989579           3184
           2290              1     -1.9875197      1.5987968     0.98256114      4.8281134     0.98266594           3046
           2326              1     -1.9763414      3.4450843    -0.95995486      11.468665     0.96103396           5823
           2362              1     -1.9903726      1.2035685    -0.98922523      2.2375076     0.98922523           2420
           2398              1     -1.9886864      1.4277502    -0.98377189      3.9709384     0.98380942           2802
           2435              1     -1.9900739      1.1908972     0.98676386      3.0639917     0.98676386           2595
           2473              1     -1.9928265     0.93741085     0.99320865      1.4798082     0.99320865           1962
           2511              1     -1.8552808      6.7910119     0.61842692      49.824553       0.620908          25830
           2550              1      -1.908749      6.4105897     0.69648627      64.514853     0.71287059          16635
           2590              1     -1.9907143      1.2353944    -0.98950193      2.5678313     0.98950193           2534
           2630              1     -1.9628137       3.569031     0.90731939      23.926137     0.90731939           7771
           2670              1     -1.9908951      1.1708405     0.98962921      2.3345293     0.98962921           2504
           2712              1     -1.9364417      5.3277231    -0.78799041       42.17174     0.82637168          13197
           2754              1     -1.9925708     0.88165558    -0.99354938      1.1341583     0.99354938           2228
           2796              1     -1.9917597      1.1101778     0.99035944      2.4648017     0.99035944           2467
           2840              1      -1.961162      3.3209811     0.87368134       31.99527      0.8880088           8434
           2884              1     -1.9926456     0.88720025     0.99251387      1.4691157     0.99251387           2353
           2928              1     -1.9208607      5.9561791    -0.75653518      54.671883     0.76638832          17142
           2973              1     -1.9940632     0.73686056    -0.99497814      1.1280817     0.99505214           1937
           3019              1     -1.9902219      1.1803844    -0.98523352       3.497262     0.98644916           3164
           3066              1     -1.9907436      1.1140123    -0.99108611      1.6022809     0.99108611           3108
           3114              1     -1.9920809      1.0766237     0.99357097      1.2544304     0.99357097           2543
           3162              1     -1.9871157       1.288513    -0.97601202      6.3751226     0.97616698           3608
           3211              1     -1.9907723      1.0752893     0.98923855      2.5443554     0.98923855           3004
           3260              1     -1.9939969     0.79710674     0.99542331     0.93144366     0.99542331           2254
           3311              1     -1.9930535      0.7932624     0.99372244      1.1559282     0.99372244           2516
           3362              1     -1.9917341     0.95890426    -0.98960143      2.6858912     0.98960143           2892
           3414              1     -1.9901494      1.0946718     0.98426333      4.2970901      0.9846324           3215
           3467              1     -1.9937641     0.63801315     0.99530141     0.79584194     0.99530141           2340
           3521              1     -1.9579722      3.6771737    -0.89522153      24.320678     0.89960097          11437
           3575              1     -1.9410797      4.7662358    -0.85337902      32.970807      0.8535049          15786
           3630              1     -1.9332121      5.2163247    -0.80135675       48.65353     0.80305096          17747
           3686              1     -1.9937683     0.76900251     0.99547341     0.97991849     0.99547341           2407
           3743              1     -1.9944991      0.6625312    -0.99638258      0.6679049     0.99638258           2148
           3801              1     -1.7860852      3.3984897    -0.32052881      34.666846     0.35998948          57378
           3860              1     -1.9198238      5.7012311      0.7063342       55.21148     0.75993782          22930
           3920              1     -1.9781429      2.1195592     0.94964668      12.373456     0.95177168           6796
           3981              1     -1.9914444      1.0282436      0.9867483      3.9238757     0.98714268           3450
           4042              1     -1.9944285     0.53269964     0.99605146     0.50239795     0.99605146           2452
           4105              1      -1.893905      6.5056568    -0.60549695      66.904166     0.67214982          31882
           4168              1     -1.9941099     0.58451993     -0.9946869     0.96957451      0.9946869           2541
           4233              1     -1.9920553     0.88439585    -0.99130758      1.9266655     0.99130758           3495
           4298              1     -1.9025058       6.200178    -0.66199162      72.440559     0.67551652          30122
           4365              1     -1.9956953     0.37725679     0.99802291     0.18119017     0.99802291           2014
           4432              1     -1.9764486      2.2237455      0.9390986      17.648088     0.94005077           8538
           4501              1      -1.897325      6.2324455    -0.55264608      61.975242     0.68965341          33484
           4570              1     -1.9933063     0.63323773     0.99261926      1.6481792     0.99261926           3175
           4641              1     -1.9937233     0.60437498     0.99471235     0.90428278     0.99471235           2937
           4713              1      -1.956342      3.7470941    -0.85227774      30.524357     0.88484299          15887
           4786              1     -1.9948872     0.47282817    -0.99682407     0.57186593     0.99682407           2615
           4860              1     -1.9773272      2.1085415      0.9383035      18.960355     0.93841461           8567
           4935              1     -1.9957062     0.39305483    -0.99810436     0.23703273     0.99810436           2281
           5011              1     -1.9952325     0.45057706    -0.99646178     0.60524585     0.99646178           2593
           5089              1     -1.8663293      6.4470845    -0.48746316      67.817854     0.58112596          48362
           5168              1     -1.9704818      2.5512616     0.91868228      23.125285     0.92130224          11713
           5248              1     -1.9938491     0.63529333    -0.99399009      1.2367071     0.99400915           3386
           5329              1     -1.9957309     0.39013534     0.99811691     0.22070018     0.99811691           2368
           5411              1     -1.9937184     0.59690163     0.99363242      1.3734008     0.99363242           3610
           5495              1     -1.9957125     0.37966047    -0.99783167     0.28154972     0.99783167           2528
           5580              1     -1.9932724     0.62176673     0.99191667      1.9429266     0.99191667           3898
           5666              1     -1.9941864     0.51855271     0.99403459      1.3993217     0.99405048           3457
           5754              1     -1.9944734     0.46582234     0.99440216      1.2858285     0.99440216           3285
           5843              1     -1.9958001     0.29485775     0.99804296     0.25165129     0.99804296           2502
           5933              1     -1.9960222     0.33097085      0.9983794     0.18807975      0.9983794           2558
           6025              1     -1.9952465     0.42645371    -0.99695519     0.50852235     0.99695519           3014
           6118              1     -1.9915332     0.78508132    -0.98820775      2.5994556     0.98820775           4971
           6213              1     -1.9959778     0.29682182     0.99814582     0.17965169     0.99814582           2662
           6309              1     -1.9925361     0.73916139    -0.98964495      2.7427583     0.98964495           4971
           6407              1     -1.9950398     0.49842765    -0.99670048     0.66154507     0.99670048           3387
           6506              1     -1.9957132     0.33260011     0.99804181     0.22331403     0.99804181           2946
           6606              1     -1.9940569     0.54463667     0.99445428      1.2012539     0.99445428           4036
           6709              1      -1.977083       2.080144    -0.93878819      18.275262      0.9391489          11757
           6812              1     -1.9959087     0.31825456    -0.99791765     0.29150245     0.99791765           3005
           6918              1     -1.9963732     0.24567241     0.99869182      0.1128425     0.99869182           2799
           7025              1     -1.9944826     0.51178045     -0.9950968      1.0641358      0.9950968           3939
           7134              1     -1.9924054     0.67225812    -0.99107513      1.7058258     0.99107513           4844
           7244              1     -1.9957758     0.32740695    -0.99760491     0.39407484     0.99760491           3262
           7356              1     -1.9961011     0.27613816    -0.99821846     0.21426199     0.99821846           3067
           7470              1     -1.9334163      5.0329647     0.78550402      44.648584     0.81157229          36727
           7585              1       -1.99559     0.37981199    -0.99738893     0.43341135     0.99738893           3494
           7703              1     -1.9647008      3.1016739     0.89386603      26.376858     0.90459302          20859
           7822              1     -1.9954577     0.37674822     0.99713245     0.57389503     0.99713884           3712
           7943              1     -1.9956817      0.3061656    -0.99789374     0.27370073     0.99789374           3605
           8066              1     -1.9933672     0.50919644    -0.99202579      1.6741705     0.99202579           4905
           8190              1     -1.9953626      0.3367557     -0.9965812     0.55518552      0.9965812           4002
           8317              1     -1.9957833      0.3216651    -0.99741553     0.40393757     0.99741553           3757
           8446              1      -1.994234     0.47810531     -0.9938391      1.5390334     0.99396578           4985
           8576              1     -1.9957474     0.37412355    -0.99739389     0.49707572     0.99739389           3884
           8709              1     -1.9957504     0.29763331    -0.99758813     0.29172183     0.99758813           3868
           8844              1     -1.9849898      1.3754364    -0.96945839      8.1748985     0.96945839          10800
           8981              1     -1.9661619      2.9095023    -0.91841554      19.815904     0.91887763          23081
           9120              1     -1.9959485     0.25963139    -0.99765296     0.35602792     0.99765296           3785
           9261              1     -1.9952662     0.35688884    -0.99547241      1.0711287     0.99547241           4618
           9404              1     -1.9959624     0.23982096     0.99801733     0.21212498     0.99801733           4056
           9549              1     -1.9951901     0.38000964    -0.99618651     0.78613077     0.99618651           4869
           9697              1     -1.9843632      1.3692768     0.96594411      9.1660918     0.96619057          12144
           9847              1     -1.9965299     0.18250135      0.9985818     0.12593358      0.9985818           3564
          10000              1      -1.995487     0.28922513      -0.996961     0.55587379       0.996961           4661
          10154              1     -1.9856756      1.2387006     0.97338635      6.1896834     0.97339029          11700
          10311              1      -1.995821     0.26774612    -0.99748376      0.3380561     0.99748376           4620
          10471              1     -1.9952516     0.39017904      0.9960085     0.95191889     0.99601996           5362
          10633              1     -1.9962043      0.2235683     0.99837111     0.18158893     0.99837111           4197
          10797              1     -1.9826656      1.5138978      0.9576512      8.9553923     0.96394369          14540
          10964              1     -1.9959887      0.2156214     0.99787851     0.27676046     0.99787851           4554
          11134              1     -1.9913607      0.7106695      0.9859691      3.4354893      0.9859691           8302
          11306              1     -1.9959004     0.22245476     0.99781665      0.2600877     0.99781665           4633
          11481              1     -1.9956798     0.33104151    -0.99680254     0.61131683     0.99680254           5034
          11659              1      -1.995919     0.24514718     -0.9974985     0.35212518      0.9974985           4928
          11839              1     -1.9961838     0.20709128     0.99801335      0.2321167     0.99801335           4634
          12022              1     -1.9904018     0.77143103     0.98384171      3.7304257     0.98384171           9792
          12208              1     -1.9848763      1.3369336     0.95875614      10.722388     0.96391997          14560
          12397              1      -1.996387     0.19029362    -0.99843914     0.19864797     0.99843914           4655
          12589              1     -1.9959139     0.21153104    -0.99812972     0.20707567     0.99812972           5098
          12783              1      -1.991811     0.66854339     0.98689666      3.3011546      0.9869037           8772
          12981              1     -1.9966567     0.15371693     0.99880672    0.090196936     0.99880672           4681
          13182              1     -1.9955068     0.30143423     0.99675125     0.68646244     0.99678084           5999
          13386              1     -1.9931847     0.51567122    -0.98999776      2.3965501     0.98999776           8036
          13593              1     -1.9952476     0.34836142    -0.99573199     0.99054709     0.99573199           6732
          13803              1     -1.9903079     0.76001424     0.98324784      4.0347319     0.98353401          10956
          14017              1     -1.9962224     0.19437193    -0.99786795     0.30785785     0.99786795           5636
          14234              1     -1.9964479     0.17800781     -0.9979549     0.29910684      0.9979549           5510
          14454              1     -1.9961436      0.2791157     0.99773627     0.42312182     0.99773973           5983
          14677              1     -1.9614281      3.2077909     0.87522314      29.600392     0.89116509          42296
          14905              1     -1.9925347      0.5597595    -0.98752566      3.2981884     0.98752566           9878
          15135              1     -1.9960059     0.20144723    -0.99737463     0.50055952     0.99737859           6041
          15369              1     -1.9965372     0.14702607    -0.99864272     0.12088326     0.99864272           5596
          15607              1     -1.9561645      3.5815316    -0.84858365      29.914642     0.88190716          50681
          15848              1     -1.9962178     0.17302615     0.99774956     0.40900967     0.99774956           6145
          16094              1     -1.9733895       2.270317    -0.89394619      19.050275     0.93036846          32084
          16343              1     -1.9963709     0.16901326      0.9976724     0.41835668      0.9976724           6327
          16595              1     -1.9966375     0.15692859    -0.99839379     0.20886319     0.99839379           5985
          16852              1     -1.9948255     0.36181788     0.99531806     0.79959044     0.99531806           8048
          17113              1     -1.9915111     0.70555302     0.98255245      5.3056692      0.9828715          12740
          17378              1     -1.9668023      2.7745334     0.87492865      23.730103     0.91095235          42866
          17646              1     -1.9960762     0.23178768     0.99732659     0.49276794     0.99733509           7140
          17919              1     -1.9968146     0.11607734    -0.99904347    0.047934709     0.99904347           6117
          18197              1     -1.9962571     0.17816056     0.99800819      0.2552043     0.99800819           7091
          18478              1     -1.9941742     0.38500157    -0.99233575      1.7858337     0.99233575           9875
          18764              1     -1.9964304     0.19409312     0.99829168       0.247746     0.99829168           7053
          19054              1     -1.9849045      1.2431442     0.95073554      12.224402     0.96077858          22841
          19349              1     -1.9877141     0.99192711    -0.97260659      7.7454461     0.97261176          18430
          19648              1     -1.9966246     0.14558109    -0.99870572     0.14432088     0.99870877           6819
          19952              1     -1.9799363      1.6659306    -0.91611818      13.169097     0.95154822          30346
          20261              1     -1.9372366      4.6278619    -0.76184714      48.994224     0.80656902          91802
          20574              1     -1.9965043     0.13011356    -0.99832191     0.19997548     0.99832191           7312
          20892              1     -1.9722506      2.3557491    -0.89985975      21.904341     0.92335056          43661
          21216              1     -1.9965474     0.13212666     -0.9984639     0.16978013      0.9984639           7545
          21544              1     -1.9964747     0.13152525    -0.99848566     0.14589156     0.99848566           7452
          21877              1     -1.9783965      1.8153851     0.92899872      19.833872       0.937227          36917
          22216              1     -1.9963405     0.13653008    -0.99819792     0.22322342     0.99819792           8300
          22559              1     -1.9965056     0.14274103     0.99842834     0.20727873     0.99842834           8088
          22908              1     -1.9921097     0.57107274    -0.98521848      4.1422508     0.98526214          14873
          23263              1     -1.9873873      1.0193904    -0.96766324      9.1315584     0.96970382          23685
          23622              1     -1.9965947     0.13959322    -0.99857209     0.20272605     0.99857209           8222
          23988              1     -1.9966896      0.1349845      0.9984536     0.18375457      0.9984536           8424
          24359              1     -1.9964543     0.15485458     0.99816002     0.28206564     0.99816125           8974
          24736              1     -1.9710531      2.3973846    -0.88128861      23.831204     0.91743471          53070
          25118              1      -1.996868    0.099633796     0.99872044     0.12360658     0.99872044           8390
          25507              1     -1.9968319     0.11433852     0.99875093     0.11841698     0.99875093           8533
          25902              1     -1.9965555     0.12458466    -0.99850378     0.17914507     0.99850378           9124
          26302              1      -1.996679     0.12382339     -0.9984581     0.17677961      0.9984581           9168
          26709              1     -1.9900037     0.76375453     0.97392976      7.1621033     0.97681081          21768
          27122              1     -1.9967093     0.10656745    -0.99881941    0.091438647     0.99881941           9085
          27542              1     -1.9965224     0.13744994     0.99825775     0.26800557     0.99825775           9864
          27968              1     -1.9965264     0.16102458    -0.99854673     0.19038612     0.99855031           9878
          28400              1     -1.9963979     0.13865217    -0.99799736      0.3365288     0.99799842          10596
          28840              1     -1.9921557     0.55389571    -0.98652046      3.5110281     0.98652046          18757
          29286              1      -1.994664      0.3376773      0.9934035      1.5463171     0.99340487          14306
          29739              1      -1.996935    0.073082825     0.99895793    0.060265058     0.99895793           9496
          30199              1     -1.9969492    0.086167531     0.99912613    0.034318204     0.99912613           9491
          30666              1     -1.9968617    0.088913679    -0.99886405    0.078167407     0.99886405          10035
          31141              1     -1.9965753     0.11859158    -0.99841993     0.21059796     0.99841993          11110
          31622              1     -1.9859999      1.1200447     0.94991114      10.493897     0.96509361          34040
          32111              1     -1.9966127      0.1147303     0.99840833     0.18080595     0.99840833          11086
          32608              1     -1.9968149    0.092652045    -0.99894704    0.069918076     0.99894704          10653
          33113              1     -1.9966783     0.12759884    -0.99835186     0.25114822     0.99835186          11643
          33625              1     -1.9965796    0.093988676     0.99870379     0.11253389     0.99870379          11481
          34145              1        -1.9967     0.12045279     0.99854928     0.18904628     0.99854928          11660
          34673              1     -1.9778349      1.8238026     0.93196579      17.902039     0.93902575          56306
          35210              1     -1.9969628    0.094984394     0.99898978    0.064312029     0.99898978          11047
          35754              1     -1.9967425     0.10874861    -0.99866686     0.14345674     0.99866686          11716
          36307              1     -1.9968408    0.086286866     0.99889167    0.077711747     0.99889167          11839
          36869              1     -1.9963492      0.1328857     0.99799873     0.32704018     0.99799873          13179
          37439              1     -1.9967056     0.11361698     0.99844961     0.23128624     0.99844988          12590
          38018              1     -1.9968586    0.084401303    -0.99889894    0.078204111     0.99889894          12205
          38607              1     -1.9964729     0.11737579     -0.9979698     0.37449668     0.99798042          13879
          39204              1     -1.9959887     0.17643076    -0.99681984     0.58436525     0.99681984          15101
          39810              1      -1.996687     0.10539211     0.99845993      0.2144386     0.99846094          13640
          40426              1      -1.991029     0.63012509     0.98147751       5.096333     0.98175531          28762
          41051              1     -1.9945585     0.30103308    -0.99058732      2.3671666     0.99161872          19068
          41686              1     -1.9968666    0.077176144    -0.99884733      0.1061139     0.99884781          13484
          42331              1     -1.9881264     0.92744237     0.95635799      7.8513507     0.97276842          39982
          42986              1     -1.9967033    0.095371805    -0.99853161     0.18600117     0.99853161          14437
          43651              1     -1.9968535     0.07351329    -0.99901732    0.053935286     0.99901732          13788
          44326              1     -1.9968095    0.073912432     -0.9987839     0.10595742      0.9987839          14566
          45012              1     -1.9967751    0.082142281    -0.99853517     0.19595345     0.99853517          14681
          45708              1       -1.99705    0.056748209    -0.99911547     0.03574769     0.99911547          14068
          46415              1     -1.9970469    0.061777555    -0.99917699    0.021621554     0.99917699          14315
          47133              1     -1.9967708     0.08434279    -0.99862347     0.14344507     0.99862347          15635
          47863              1     -1.9957993     0.18897102     0.99562627      1.0812781      0.9957769          19070
          48603              1     -1.9918587      0.5679508     0.98034175      5.4252791     0.98257392          33023
          49355              1     -1.9969405    0.068644072     0.99891034    0.086445128     0.99891034          15614
          50118              1     -1.9970154    0.070958698    -0.99900864    0.065438918     0.99900864          15609
          50894              1     -1.9922417     0.52806651     0.98177182      5.6006347     0.98301185          32752
          51681              1     -1.9966278     0.10440424     0.99825661     0.30454753     0.99826068          17962
          52480              1     -1.9916004     0.60386647      0.9819112      5.3172386     0.98242569          37157
          53292              1     -1.9968481    0.079656824    -0.99872495     0.15201992     0.99872645          17345
          54116              1     -1.9968091    0.097668648    -0.99861122     0.17984687     0.99861677          17956
          54954              1     -1.9969416    0.071474169    -0.99894594    0.083132208     0.99894594          17425
          55804              1      -1.997037    0.057546841    -0.99916332    0.023973088     0.99916332          17132
          56667              1      -1.993475     0.42409371     0.99058553      2.1543279     0.99058658          32184
          57543              1     -1.9969637    0.070157559     0.99899406    0.063774193     0.99899406          17869
          58434              1     -1.9959277     0.16338131     0.99606308     0.88522307     0.99606308          22668
          59338              1     -1.9909298     0.66279015    -0.97726836      6.2254747     0.97968991          44209
          60255              1     -1.9968681    0.079866483     0.99876682     0.13285366     0.99876716          19503
          61188              1     -1.9969858    0.078500358     0.99889055     0.10647668     0.99889186          19151
          62134              1     -1.9968972    0.071578905    -0.99905543    0.043082133     0.99905543          19527
          63095              1     -1.9970654    0.047766862     0.99921777     0.01160864     0.99921777          18907
          64071              1     -1.9906618     0.69366884    -0.98118782      5.0335249     0.98133906          49227
          65062              1     -1.9966972    0.097241097    -0.99846984      0.2587587     0.99847768          22126
          66069              1     -1.9969945    0.060600276     0.99893309    0.085496334     0.99893309          20579
          67091              1     -1.9969865    0.064181048    -0.99896171    0.079258158     0.99896171          21119
          68129              1     -1.9967741     0.08792381     0.99866951       0.164611     0.99867274          22647
          69183              1     -1.9967382    0.085655411     0.99823656     0.29289098     0.99823772          22810
          70253              1     -1.9970196    0.048888275    -0.99916986     0.01969303     0.99916986          21157
          71340              1     -1.9968307    0.078143059    -0.99877306     0.13191677     0.99877306          23097
          72443              1     -1.9959666     0.16412013    -0.99607609      1.0065858     0.99608975          28034
          73564              1     -1.9969007    0.075886847      0.9988334     0.10831237     0.99883367          23563
          74702              1     -1.9958689     0.16555995    -0.99637607     0.76292646     0.99640538          29226
          75857              1     -1.9968595    0.064618085      0.9987833     0.12303455      0.9987833          24166
          77031              1     -1.9931899     0.42861695     0.98515604      4.1351798      0.9865621          44675
          78222              1     -1.9966048    0.087352921    -0.99798011     0.36563221     0.99798011          25906
          79432              1     -1.9968661    0.064607636    -0.99883372     0.10570931     0.99883372          25277
          80661              1     -1.9970202    0.051809504    -0.99914345    0.029545486     0.99914345          24394
          81909              1     -1.9967188     0.10076912     0.99850969     0.22883745     0.99851005          27441
          83176              1     -1.9970412    0.047155154    -0.99915318    0.026152877     0.99915318          25261
          84463              1     -1.9969652    0.068992977    -0.99894321     0.07747189     0.99894321          26439
          85769              1     -1.9970651    0.051893981    -0.99908254    0.049352585     0.99908254          26079
          87096              1     -1.9969189    0.060442231    -0.99893256    0.085677844     0.99893462          27212
          88443              1     -1.9960922     0.13612644    -0.99564901      1.0034137     0.99618008          32290
          89811              1     -1.9969795    0.063004939    -0.99903225    0.060419604     0.99903225          27690
          91201              1     -1.9970704    0.041448127     0.99919782    0.015569839     0.99919782          27119
          92611              1     -1.9946191     0.30072384    -0.98670331      1.7622705     0.99284999          44549
          94044              1        -1.9965     0.10068431    -0.99782022     0.34919009     0.99782022          31924
          95499              1     -1.9969381     0.06191715     0.99884596     0.12699621     0.99884648          29590
          96976              1     -1.9954472     0.20824206     -0.9939947      1.7474052     0.99399656          39928
          98476              1     -1.9969989    0.047854275     0.99915959    0.021837596     0.99915959          30043
         100000              1     -1.9970083    0.055290692      -0.998905     0.11724026      0.9989191          30735
         101546              1     -1.9963467     0.11730523     0.99704178     0.67966117     0.99710392          35406
         103117              1     -1.9969957    0.049996067    -0.99912449    0.032337283     0.99912449          31413
         104712              1      -1.996881     0.06099062     0.99871524     0.14594012     0.99874093          33071
         106332              1      -1.995201     0.23134562    -0.99407859      1.4433448     0.99407888          46075
         107977              1     -1.9970153    0.059212194    -0.99899502    0.069330392     0.99899502          33027
         109647              1     -1.9970644    0.044244852      0.9991469    0.031678572      0.9991469          32727
         111343              1     -1.9971428    0.040064797     0.99922218    0.013548447     0.99922218          33131
         113066              1     -1.9970325    0.047440448    -0.99906276    0.046331985     0.99906276          34229
         114815              1     -1.9970705    0.039461618     0.99911684    0.034577355     0.99911684          34360
         116591              1     -1.9957856     0.16745587     0.99516905      1.2867207     0.99519581          44771
         118394              1     -1.9966126    0.093767508    -0.99797198     0.34147132     0.99797198          39057
         120226              1     -1.9934192     0.40478041     0.98617387      4.0940041      0.9870246          67530
         122086              1     -1.9963572     0.11777618    -0.99659314     0.86299694      0.9967088          43251
         123974              1     -1.9970483    0.041644336     0.99919285    0.016342485     0.99919285          37419
