# Initial state: Random
# MCcycles  -  T  -  Eaverage/part.  -  C_V  -  M/part  -  Xsi  -  abs(M)_average/part  -  N_accepted
           1000              1       -1.74685       0.831831        0.08425      8.1553686        0.21778          17932
           1000              1       -1.98478      2.2390206       0.984665      2.7265051       0.984665           1584
           1000              1       -1.97338      3.9178302       -0.95934      9.5829512        0.95939           2861
           1000              1       -1.97582       3.471011      -0.965265      8.0862759       0.965485           2519
           1000              1       -1.77321      3.9760784        0.32276      35.970694        0.34262          16239
           1000              1       -1.98318       3.036435       -0.98307        3.73003        0.98307           1806
           1000              1       -1.98325       2.635175       0.980875      4.2742637       0.980875           1902
           1000              1       -1.98122      2.7414046       0.970695      7.3408568       0.970695           2110
           1000              1       -1.98077      2.4830028       -0.97651       4.164988        0.97651           1899
           1000              1       -1.98372      2.4495846       -0.98094      4.0019466        0.98094           1659
           1000              1       -1.74378      1.0907646       0.254855       9.154412       0.258255          18167
           1000              1       -1.97961      2.9756592        0.97597      4.6972036        0.97597           2367
           1000              1       -1.98557        2.60003         0.9851       3.169696         0.9851           1643
           1000              1       -1.98786      1.6676882       -0.98959      1.3509928        0.98959           1400
           1000              1        -1.8411       7.083916        0.45881      74.844056         0.4741          11035
           1000              1       -1.99125       1.462055       0.994535     0.81796351       0.994535           1096
           1000              1        -1.9732       3.419664       -0.95398      11.545192        0.95448           2916
           1000              1       -1.96783      4.8068764       -0.95195      12.596979        0.95195           3467
           1000              1       -1.98015       2.702191        0.97185       6.181731        0.97185           2163
           1000              1       -1.98837      1.8190572      -0.990695      1.5026168       0.990695           1265
           1000              1       -1.98817      2.1281404      -0.990605      1.7381236       0.990605           1406
           1000              1        -1.9872       2.256144        0.98945       2.136759        0.98945           1441
           1000              1       -1.76971      3.6180064       0.274825      32.019232       0.338605          17015
           1000              1       -1.99075       1.138135       0.992955     0.95367719       0.992955           1051
           1000              1       -1.91887      6.6806492       0.759245       57.80255       0.759975           6259
           1000              1       -1.74784      1.0615738       -0.07208       10.98865        0.30079          17834
           1000              1       -1.98499         2.2936       -0.98489      2.5805152        0.98489           1710
           1000              1       -1.98752      1.9504198        0.98828      2.0125566        0.98828           1353
           1000              1       -1.98219      2.4403616        0.97615       5.530071        0.97615           1876
           1000              1       -1.98612      2.5450182      -0.987335      2.6693304       0.987345           1561
           1000              1       -1.98457       2.685846        0.98441      3.2282808        0.98441           1707
           1000              1       -1.84592      7.6437414       -0.55819      60.078992        0.56351          11743
           1000              1       -1.98269      3.1866656        -0.9815       4.364579        0.98155           1944
           1000              1       -1.75112      1.5489382        0.16726      13.096631        0.19904          17596
           1000              1       -1.98645       2.090839        0.98581      2.9861376        0.98581           1486
           1000              1       -1.98438      2.4177662       -0.98046       4.371364        0.98049           1733
           1000              1       -1.98459      2.0343328      -0.981085      3.2872591       0.981085           1652
           1000              1       -1.99207       1.601206        0.99548     0.71712784        0.99548            984
           1000              1       -1.98119      2.6422736       0.971785      6.7091911       0.972085           2052
           1000              1       -1.74641     0.92496476        0.11261       8.647071        0.16215          18077
           1000              1       -1.98189      2.9503712        0.97846      4.8086714        0.97846           1943
           1000              1       -1.97743       3.393638       0.968255       7.623432       0.968255           2505
           1000              1       -1.98505       2.392079       -0.98682       2.206655        0.98682           1725
           1000              1       -1.98369      2.5530736       -0.97744      5.8909704        0.97829           1750
           1000              1       -1.97479      3.6534224      -0.961405      9.1075628       0.961555           2458
           1000              1       -1.92681      6.8999696       0.824465      37.479656       0.824465           6031
           1000              1       -1.74386     0.96324016        0.12042       6.811984         0.1908          18775
           1000              1       -1.77474       4.259413        0.17323      41.088724         0.3513          16789
           1000              1       -1.74465       0.948911        0.11316      2.8177398        0.14752          18568
           1000              1       -1.96989      4.0822752       0.950495      11.236288       0.950595           3162
           1000              1        -1.9779       3.019756       0.963705      9.1513298       0.963775           2237
           1000              1        -1.9871       2.095436        0.98851       2.070312        0.98851           1490
           1000              1       -1.98571      2.7665984       -0.98703      2.8531916        0.98703           1576
           1000              1       -1.98262      2.3512542       0.978055      4.1632568       0.978055           1890
           1000              1       -1.98269      2.3776256        0.97865       4.553111        0.97865           1829
           1000              1       -1.97794      2.7997426       -0.97064      5.4096362        0.97064           2147
           1000              1       -1.96305       3.821199       0.924365      17.942321       0.924585           3060
           1000              1       -1.97654      3.4822514      -0.957745      11.184592       0.961595           2416
           1000              1       -1.98363      2.7354892       0.983705      3.2465192       0.983705           1827
           1000              1       -1.97698      3.2645918       -0.96656      7.0827866        0.96656           2393
           1000              1       -1.93789      5.8076992        0.87449      22.896076        0.87449           4814
           1000              1       -1.98894      2.0071506      -0.992565      1.2641783       0.992565           1208
           1000              1       -1.80192      5.6769254      -0.209095      48.675467       0.457865          14821
           1000              1       -1.98686      2.0213362       0.985725      2.7642197       0.985725           1493
           1000              1       -1.97927      3.0604668       0.972525      6.4656597       0.972525           2252
           1000              1        -1.9786       3.311856       -0.97324       5.855661        0.97324           2270
           1000              1       -1.76309      2.6929408        0.26388      27.911889        0.29958          17623
           1000              1       -1.97258      3.2842974       -0.95598      8.9453018        0.95616           2498
           1000              1       -1.74247      1.2607196        -0.0978       3.598642        0.17857          18602
           1000              1       -1.98383      2.6511324        0.98204      3.3514154        0.98204           1747
           1000              1       -1.97487      4.0277532       -0.96121        10.6102         0.9615           2794
           1000              1       -1.98447      2.0793276       -0.98204      3.1721554        0.98204           1649
           1000              1       -1.87026       7.399173       0.624145      61.939885       0.632305           9924
           1000              1        -1.9855        1.98438      -0.983045      2.9765812       0.983045           1659
           1000              1        -1.9904       1.580896       -0.99361     0.91512716        0.99361           1049
           1000              1       -1.98428      2.2925926      -0.981115      3.4755927       0.981115           1716
           1000              1       -1.74112      1.2931782       0.081795      6.9002143       0.156685          19193
           1000              1       -1.93752      5.5692998       -0.88285      19.347091        0.88285           4955
           1000              1       -1.97977      3.0216988       0.972475      6.3846377       0.972575           2135
           1000              1       -1.99083      1.6655244       0.994215      1.1085835       0.994215           1034
           1000              1       -1.97836      3.3278842       0.966095      9.6141877       0.966325           2287
           1000              1       -1.74371      1.1787744      -0.127175      9.7547263       0.188565          18568
           1000              1       -1.78018       4.074387       0.265475      38.503687       0.305455          16300
           1000              1       -1.98449       2.127416       -0.97988      4.2029942        0.97988           1626
           1000              1       -1.97516      3.2711898      -0.964145      8.4235576       0.964145           2634
           1000              1        -1.7434       1.050656      -0.082675      5.2361631       0.166835          19028
           1000              1       -1.98308      2.4012454       -0.97956      4.0630026        0.97956           1799
           1000              1       -1.98175       3.056975       0.976095      6.1065504       0.976095           2057
           1000              1       -1.97842      3.8814814      -0.969125       8.335882       0.969245           2341
           1000              1       -1.98806      2.1381746       -0.99065       1.757851        0.99065           1314
           1000              1       -1.98482       2.481267       0.983925      3.3854015       0.983965           1662
           1000              1       -1.97818       3.178195      -0.962515      10.255479       0.962545           2278
           1000              1       -1.95163      5.2265772       0.907565       18.65621       0.907655           4083
           1000              1       -1.98234      2.6400498       0.977985      4.1368859       0.977985           1908
           1000              1       -1.74512     0.72671424      -0.077625      5.1172198       0.142475          18362
           1000              1       -1.97473      3.6277308      -0.956005      11.757801       0.957945           2645
           1000              1       -1.98425       2.411135        0.98239      3.7327952        0.98239           1672
           1000              1       -1.98425       2.964095        0.98343      3.4832466        0.98344           1825
           1000              1       -1.74345       1.383439         0.0251      3.2107662        0.11688          18227
           1000              1        -1.9892       1.860624       -0.99024       1.848897        0.99024           1300
           1000              1        -1.9896       1.733536        0.99251        1.03106        0.99251           1191
           1000              1       -1.76933      2.5864204       0.331055       27.03511       0.341285          16100
           1000              1       -1.97602      3.3135038       0.961295      9.3528947       0.962385           2396
           1000              1        -1.9877       2.278924        0.99037      1.7595852        0.99037           1394
           1000              1       -1.98414      2.3200242      -0.980745       3.864228       0.980745           1791
           1000              1        -1.9881       1.888876        0.99041      1.4191928        0.99041           1254
           1000              1       -1.98131      2.8834336       -0.97498      6.2251798        0.97498           2082
           1000              1       -1.97279      3.8631664      -0.957385      9.6299147       0.957385           2905
           1000              1       -1.98396      2.8784474        -0.9824       3.805376         0.9824           1783
           1000              1       -1.94986      6.9103922      -0.900905      27.460958       0.907105           5192
           1000              1       -1.98496      2.3413594        0.98252      3.9932398        0.98252           1652
           1000              1       -1.74245       1.225719      -0.081285      5.9608052       0.150955          18439
           1000              1       -1.93996      6.0630394       0.867595      27.730476       0.867595           4689
           1000              1       -1.74372      1.0072646        0.08985       7.326373        0.23026          18519
           1000              1       -1.98202      2.5718878       -0.97615       5.248471        0.97615           1961
           1000              1       -1.75744      2.1112186       0.065555       21.40404       0.261405          18223
           1000              1       -1.74378     0.79492464       0.126375      5.4389523       0.158065          18798
           1000              1       -1.94903      7.6008636      -0.895595      28.837329       0.905045           5453
           1000              1       -1.98008      3.1487974      -0.972335      6.1734091       0.972335           2087
           1000              1       -1.97761      3.7081552      -0.969845      7.1451016       0.969855           2545
           1000              1       -1.94472      5.6071686        0.86867      34.212157        0.86922           5016
           1000              1       -1.74195       1.083879        0.09058      2.6823704        0.11329          18974
           1000              1        -1.7422       0.962384       -0.04842       4.970856         0.1676          18846
           1000              1       -1.97989      3.0744352        0.97175       6.922544         0.9718           2109
           1000              1       -1.98146      2.5381874         0.9728      5.9976082        0.97286           2005
           1000              1        -1.9829       2.709276       0.980655      4.1517984       0.980655           1913
           1000              1       -1.98822      1.7673726        0.99137      1.5447892        0.99137           1185
           1000              1       -1.98663      1.9111772       0.986735      2.2437059       0.986735           1458
           1000              1       -1.77879      3.9379344         0.3728      37.323093        0.37459          16609
           1000              1       -1.98418       2.425731         -0.983        3.20404          0.983           1781
           1000              1       -1.97919      3.1979376       0.971875      6.4420838       0.971875           2186
           1000              1       -1.83778      7.0374686      -0.478625      51.474794       0.565375          12166
           1000              1       -1.98226       2.799717       0.977845      4.6317724       0.977845           1982
           1000              1       -1.99342      1.2210814      -0.996345     0.53240639       0.996345            872
           1000              1       -1.96791      3.3472528       -0.93423      14.993343        0.93423           2588
           1000              1       -1.98578      2.2684766         0.9866       2.360916         0.9866           1573
           1000              1       -1.96719      4.0615216        0.94321      13.683458        0.94321           3084
           1000              1       -1.86859      7.4358848       0.632555      56.764421       0.642055           9855
           1000              1       -1.74417     0.98180444      -0.091505      4.0936344       0.132905          18895
           1000              1       -1.97367      3.8321724       0.960255       9.158244       0.960255           2856
           1000              1       -1.98838      1.6131902        0.99018       1.557987        0.99018           1247
           1000              1       -1.98602      2.3664638       -0.98688      2.4355662        0.98688           1550
           1000              1       -1.98302      2.6501118       -0.98158      3.9834614        0.98158           1896
           1000              1       -1.74384      1.5733018       -0.08747      4.9942618        0.13366          17936
           1000              1       -1.98978      2.0424606        0.99378      1.0971646        0.99378           1202
           1000              1       -1.89597      7.2321836         0.6833      62.646612        0.69953           7821
           1000              1        -1.9271       6.506556       -0.81913      40.782636         0.8204           5752
           1000              1       -1.97925       3.355495       -0.97185       6.874731        0.97185           2303
           1000              1       -1.85171      7.2833504        0.49531       78.39841        0.51412          11132
           1000              1       -1.77655       3.940719       0.291475      35.326769       0.336415          16557
           1000              1       -1.97619      3.6513536      -0.958995      11.165611       0.959555           2503
           1000              1       -1.88996      7.4216794       0.689775       60.78562       0.692275           8406
           1000              1        -1.9459       5.342156       -0.88978      24.010261        0.88978           4535
           1000              1       -1.97781      2.9430016      -0.963405      9.3422695       0.963715           2300
           1000              1       -1.98537      2.3655452      -0.986745       2.379512       0.986745           1633
           1000              1        -1.9836       2.866656        0.98234      3.3814698        0.98234           1764
           1000              1       -1.97431      3.9449296        0.96388      8.6476582        0.96388           2748
           1000              1       -1.74262      1.0516542      -0.000215      3.3251777       0.133425          18871
           1000              1       -1.98081      2.7601776      -0.971785      6.9588038       0.971875           2135
           1000              1       -1.97699       3.403616      -0.968955      6.7968732       0.968955           2394
           1000              1       -1.94459      4.9904928      -0.902235      16.247192       0.902235           4443
           1000              1       -1.98381      2.1131936      -0.977385      4.7504947       0.977385           1862
           1000              1        -1.9756       3.480656        0.96216      9.2704398        0.96248           2437
           1000              1       -1.98383      2.1221724        0.97956      4.3045026        0.97956           1634
           1000              1       -1.97771      2.9714624      -0.966545      7.5448552       0.966545           2342
           1000              1       -1.79262      4.7811742       0.368235      45.643123       0.398165          15052
           1000              1       -1.99041      1.4952528        0.99252      1.1852598        0.99252           1133
           1000              1       -1.74728     0.95328064        0.27181      8.1029824        0.27229          17477
           1000              1       -1.74247     0.92575964      -0.039115      3.4363323       0.186815          18950
           1000              1       -1.90575       7.675695        0.73172      57.800103        0.73411           7371
           1000              1       -1.97293       4.033006       0.954295      12.180516       0.955535           2803
           1000              1       -1.89011      7.0785152        0.73881      43.445754        0.73881           8054
           1000              1       -1.97904      2.9488314      -0.968035      8.3086455       0.968035           2193
           1000              1       -1.90438      7.2130462       0.816105      25.969622       0.816105           7097
           1000              1       -1.74522     0.95862064        0.05163      4.3752884        0.17767          18047
           1000              1       -1.74551       1.144216       -0.01136      6.9559748        0.16623          18494
           1000              1       -1.95836      4.9881242      -0.926715      16.463043       0.927295           3701
           1000              1       -1.74246      1.0078194       -0.04202      4.7832454        0.16692          18992
           1000              1       -1.74632     0.92186304        0.10637      9.3155754        0.25954          17831
           1000              1       -1.74287      1.3131452      -0.110135      6.4217976       0.205855          18458
           1000              1       -1.74468       1.262599        -0.1697      9.1605402        0.24136          17755
           1000              1       -1.97558      3.2434654       0.958345      11.122994       0.958345           2592
           1000              1       -1.98273      2.4294588       0.978205      4.3420612       0.978205           1832
           1000              1       -1.99126       1.441845       0.994755     0.71472599       0.994755           1062
           1000              1       -1.98044      2.8975226        0.97579      5.1658504        0.97579           2131
           1000              1       -1.98541      2.7388128        0.98775       2.543995        0.98775           1637
           1000              1       -1.97952      2.6573478       -0.96918       7.028671        0.96918           2148
           1000              1       -1.88684      7.7998458      -0.689855      58.148405       0.689885           8485
           1000              1       -1.99193        1.37495       -0.99589     0.59254316        0.99589           1009
           1000              1       -1.98521      2.8268624       -0.98648      3.3067438        0.98648           1637
           1000              1       -1.96887      4.3392892       0.939145      17.309457       0.939305           3232
           1000              1       -1.98279      2.9198064      -0.981325      3.5071077       0.981325           1956
           1000              1       -1.98823      2.1149468       0.990345      1.5071424       0.990345           1388
           1000              1       -1.97489      3.4401552       -0.95352      13.406921        0.95408           2691
           1000              1       -1.98425       2.597295      -0.983345      3.1686944       0.983345           1746
           1000              1       -1.97431      3.4358096       -0.95711      10.998958        0.95757           2681
           1000              1       -1.98504      2.6408794      -0.982985      3.7885459       0.982985           1788
           1000              1       -1.98075       2.862215        0.97401       6.113588        0.97401           2104
           1000              1        -1.7445         0.9367      -0.097825      6.8800032       0.222705          18620
           1000              1         -1.944        5.42888        -0.8835      25.782999        0.88455           4421
           1000              1       -1.99059      1.7503808        -0.9948       0.811644         0.9948           1088
           1000              1       -1.74196     0.85094336       -0.23824      4.4504594        0.32496          18932
           1000              1       -1.97719      3.8548016        -0.9663      9.6746848        0.96641           2425
           1000              1       -1.97913      2.8045372      -0.976355      4.4390956       0.976355           2306
           1000              1       -1.74271      1.0287024      -0.191305      3.9819411       0.204585          18798
           1000              1       -1.74614     0.70164016       -0.01744        3.50668         0.1325          17799
           1000              1       -1.96789      4.4427392       -0.95473      10.200081        0.95478           3587
           1000              1       -1.98774       2.367397       0.989495       2.074208       0.989495           1387
           1000              1       -1.87396      7.5677274        0.59015      68.913459        0.61289           9759
           1000              1       -1.98553      2.1709276         0.9855         2.5448         0.9855           1645
           1000              1       -1.74032       1.119319       -0.03862      2.0416208        0.11809          19367
           1000              1       -1.98104      3.0499674       0.976235      5.1592477       0.976325           2063
           1000              1       -1.78069      3.9484896       -0.36694      37.020941        0.37926          15737
           1000              1       -1.97819      3.1353696       -0.97051       6.871236        0.97051           2374
           1000              1        -1.9836       2.971056       0.984535      2.9935235       0.984535           1820
           1000              1       -1.98997      2.0371596      -0.993805      1.0039188       0.993805           1237
           1000              1       -1.88022      7.7629406        0.60644      56.236679        0.68496           8696
           1000              1       -1.97939      3.3444512        0.97241      6.7734318        0.97302           2161
           1000              1        -1.8745        7.76022       -0.71578      39.341937        0.71578           9257
           1000              1       -1.91914      6.5312242       0.773405      52.289736       0.777405           6354
           1000              1       -1.86293       7.860686       -0.58735       69.97586          0.592          10456
           1000              1       -1.98179      2.7125184       0.979665      3.5683051       0.979665           1975
           1000              1        -1.9727       3.752604       0.954195      11.301931       0.954195           2720
           1000              1        -1.7456       0.923136       0.016375      4.3286807       0.108365          18335
           1000              1       -1.97974       2.850053       -0.96894      7.2955088        0.96909           2122
           1000              1       -1.74193     0.76551004       0.161225      6.9541695       0.211285          19117
           1000              1       -1.98505       2.128799        0.98221      3.2763664        0.98221           1651
           1000              1       -1.98233      2.5749884       -0.98124       3.449185        0.98124           1632
           1000              1       -1.98046      2.9799154        0.97727      4.8057588        0.97727           2102
           1000              1       -1.98565       2.095991       -0.98747      2.0405196        0.98747           1626
           1000              1       -1.91054      6.7481234       -0.81695      28.635788        0.81714           6963
           1000              1       -1.98035       2.908951        0.97566      5.1273658        0.97566           2035
           1000              1       -1.74063     0.96940124       0.121575      6.3455175       0.189715          19438
           1000              1       -1.89434      7.3883858      -0.776945      35.863665       0.777205           7727
           1000              1       -1.98006      3.1423186        -0.9715       7.212768        0.97151           2265
           1000              1       -1.83958      7.4912094      -0.381075      65.612359       0.516295          12000
           1000              1       -1.98534      2.1266738      -0.984115      3.0939167       0.984115           1647
           1000              1       -1.98401       2.269048      -0.980155      4.0269804       0.980155           1699
           1000              1       -1.98861      1.8325472       0.990405      1.8294844       0.990405           1276
           1000              1       -1.98002      2.9415198         0.9676      9.2061812        0.96813           2155
           1000              1       -1.98886      1.9093202      -0.992065      1.3104843       0.992065           1297
           1000              1       -1.97916      3.0873978        0.96527      9.3715402        0.96614           2222
           1000              1       -1.84967      7.6790364       -0.60573      55.394231        0.60654          11487
           1000              1       -1.74451     0.74198396       0.190905      5.3278008       0.258305          18375
           1000              1       -1.98238      2.4812542        0.97996      4.1515994        0.97996           1836
           1000              1       -1.85302      7.2308318       0.504955      66.924366       0.564755          10643
           1000              1       -1.97981      2.9877856       0.971005       6.901146       0.971005           2120
           1000              1       -1.74494     0.91375856       0.009755      3.6020378       0.140825          18502
           1000              1       -1.98335       2.846591       -0.98244      3.9803586        0.98244           1765
           1000              1       -1.87166      8.0744178       -0.58362      75.519627        0.59896           9684
           1000              1       -1.96981      3.9453856       0.941355      14.842842       0.942995           3051
           1000              1       -1.98605       2.290039        -0.9851       2.823616         0.9851           1531
           1000              1        -1.9821       2.780396        0.97573       5.550694        0.97593           1986
           1000              1       -1.97422      3.7649566       -0.95688      11.356196         0.9576           2631
           1000              1       -1.74021      1.6995424      -0.009755      3.3938811       0.181665          19242
           1000              1       -1.95744      4.9540186        -0.9249      16.051916         0.9259           3793
           1000              1       -1.98063      2.8048412        0.96871      7.7120944        0.96871           1995
           1000              1       -1.75027      1.6166508        0.18093      18.468536        0.24533          18181
           1000              1       -1.90991      7.5847568       -0.68038      58.642555        0.74261           6903
           1000              1       -1.97678      3.4050526         0.9687      7.0916802        0.96886           2453
           1000              1       -1.97687      3.4455612       -0.96525       8.492075        0.96525           2417
           1000              1       -1.84825       7.246415        0.52096      68.783571        0.54065          10960
           1000              1       -1.97859      3.3970048       0.968855      8.0707747       0.968865           2380
           1000              1        -1.9381       5.848156      -0.857825      31.466927       0.857865           4977
           1000              1       -1.74419      1.0987776      -0.003255      7.2717197       0.235725          18297
           1000              1       -1.93923      6.1588428      -0.878075      25.134168       0.878075           5256
           1000              1       -1.98959      1.9618928        0.99294      1.1818226        0.99294           1301
           1000              1       -1.97964      3.2938682      -0.977685      4.0791063       0.977685           2170
           1000              1       -1.73778      1.2783486      -0.202965      4.8867898       0.224225          20032
           1000              1       -1.97509      3.5938368        -0.9594       9.684038        0.95993           2644
           1000              1       -1.98064      3.1084762        -0.9786       4.191016         0.9786           2147
           1000              1       -1.74429      1.1960384       0.192315      5.5953577       0.232175          18306
           1000              1       -1.98917      2.0127244       0.992555      1.4481188       0.992555           1248
           1000              1       -1.98274       2.441317      -0.979615      3.8001507       0.979615           1857
           1000              1       -1.98095       2.790559      -0.976265      5.1371299       0.976265           2107
           1000              1        -1.9263       6.468604      -0.806035      45.506073       0.806045           6049
           1000              1       -1.98936      2.1033562        0.99217      1.4860764        0.99217           1189
           1000              1       -1.98372      2.2897446       0.980665      3.5983131       0.980665           1600
           1000              1       -1.97505       3.713599       -0.95852      11.197251        0.95856           2428
           1000              1       -1.98471      2.4050864       -0.98362      3.1069582        0.98362           1675
           1000              1       -1.83201       6.712744      -0.393255      65.198038       0.478685          12929
           1000              1        -1.9764       2.819136       0.958405      10.810932       0.958405           2485
           1000              1       -1.97893       3.281982       -0.96969      7.6029364        0.97033           2305
           1000              1       -1.98163      2.7554572      -0.974505       5.695892       0.974505           2045
           1000              1       -1.99054      1.8671634       -0.99428     0.86103264        0.99428           1094
           1000              1       -1.88289      7.4816592      -0.722605      45.888545       0.722695           8853
           1000              1       -1.74306      1.0168146       0.038855      5.0238992       0.213705          18503
           1000              1       -1.97555       3.300279       0.958515      10.448668       0.959675           2652
           1000              1       -1.98502      2.5979998      -0.984885      3.4380647       0.984885           1708
           1000              1       -1.98338      2.2667902      -0.981795      3.1489812       0.981795           1832
           1000              1       -1.98395       2.331719        0.98427      2.3633068        0.98427           1724
           1000              1       -1.74105       0.884479      -0.074205      4.2281023       0.175685          19354
           1000              1       -1.99128      1.5717446       -0.99471     0.89538636        0.99471           1054
           1000              1       -1.98467      2.5283564      -0.981525      3.7181997       0.981525           1644
           1000              1       -1.97588      3.5587302       -0.96601       7.969132        0.96601           2583
           1000              1       -1.98183      2.4903804      -0.975835      4.8733511       0.975835           1956
           1000              1       -1.98313      2.6397212       -0.98032       4.108719        0.98032           1931
           1000              1       -1.95899       5.993872       -0.92331      22.043271        0.92596           4428
           1000              1       -1.98411      2.4832032       -0.97848      4.9989758        0.97848           1788
           1000              1       -1.97504      3.5928794       -0.96046      10.741555        0.96046           2690
           1000              1       -1.98224       2.650393      -0.974525      6.2313943       0.974565           1792
           1000              1       -1.98508      1.7903174      -0.983195      3.0330268       0.983195           1520
           1000              1       -1.97509      3.5394368       -0.96264      8.9527884        0.96267           2645
           1000              1       -1.98211      2.8263392       0.978195      5.0862078       0.978325           1841
           1000              1       -1.96916      3.4290778       0.951535      9.4088675       0.951535           2626
           1000              1       -1.98881      1.6979536      -0.991265      1.1231499       0.991265           1329
           1000              1       -1.96743       4.203158        0.93983      14.591753        0.94013           3029
           1000              1       -1.97823      3.0253468        0.96596      7.7168514        0.96596           2273
           1000              1       -1.98262      2.6985342        0.97435       6.731731        0.97435           1961
           1000              1       -1.74713      1.0795452       0.243565      16.012304       0.284395          18217
           1000              1       -1.74386     0.73732016       -0.06847      4.4898654        0.16192          18761
           1000              1       -1.98211      3.0212192       0.978725      4.7358197       0.978725           1991
           1000              1       -1.96832       4.388471       -0.94898      11.765404        0.94898           3261
           1000              1        -1.9779       3.155116       -0.96309       9.044233        0.96474           2270
           1000              1       -1.80233      5.4485884       0.285145      62.170936       0.321065          14808
           1000              1       -1.98926       2.019061      -0.992035      1.7064135       0.992035           1199
           1000              1       -1.98674       2.136629       0.984995      3.2265056       0.985105           1561
           1000              1       -1.74852     0.75864384        -0.0919      7.2677556        0.14397          17472
           1000              1       -1.98989      1.8809952        0.99434     0.99530576        0.99434           1116
           1000              1       -1.99032       1.776119        0.99403      1.0014036        0.99403           1167
           1000              1         -1.983        2.45488       -0.97862      4.9144982        0.97862           1903
           1000              1       -1.98117      2.6822124       0.976435      4.4291063       0.976435           1987
           1000              1       -1.98278      2.2870686        0.97845       3.954259        0.97845           1890
           1000              1       -1.98754      2.3093394      -0.989895      1.8854456       0.989895           1460
           1000              1       -1.96803      4.8396076       -0.94266       17.46147        0.94266           3314
           1000              1       -1.98023      2.6300988       -0.97262      5.7529342        0.97262           2087
           1000              1       -1.98336      2.5172442      -0.977435      5.4665783       0.977435           1830
           1000              1        -1.9906       1.781296      -0.993675      1.1440677       0.993675           1190
           1000              1       -1.97332       3.507991      -0.960475       8.796488       0.960505           2729
           1000              1       -1.98127      2.3427548      -0.974585      5.0649211       0.974585           1955
           1000              1       -1.98238      2.5422942        0.98144      3.8270506        0.98144           1816
           1000              1       -1.74607       1.026822       0.015395      2.8979603       0.114065          17854
           1000              1       -1.97479      3.5654224       0.958295      11.036327       0.958295           2619
           1000              1       -1.98754      2.2671794       0.987895      2.4438376       0.987895           1430
           1000              1       -1.98188      2.6812262       0.978815      4.5753883       0.978815           1987
           1000              1       -1.90325       7.509175       0.725785      59.628224       0.725785           7618
           1000              1       -1.98871      1.7932144      -0.990255       1.484024       0.990255           1281
           1000              1       -1.98722      1.9650686       -0.98785       2.017691        0.98785           1420
           1000              1       -1.98811      2.1889312       0.990015      1.7770099       0.990015           1391
           1000              1       -1.97471      3.7789264       -0.96583      7.3030488        0.96591           2673
           1000              1       -1.99041      1.8810128       0.993845      1.1688164       0.993845           1164
           1000              1       -1.94964      5.1576282        0.87494      33.020476         0.8751           4235
           1000              1        -1.7424       1.097456         0.1632      6.2550274        0.17854          18778
           1000              1       -1.97756      3.4024986        0.96715       7.276491        0.96715           2331
           1000              1       -1.98681      1.9062896      -0.987465      2.2065195       0.987465           1454
           1000              1       -1.97384      3.4871418        -0.9684       5.590056         0.9684           2623
           1000              1       -1.74455       0.873279       -0.19746      4.3591216        0.23031          18403
           1000              1       -1.97203      3.9412716        0.95417      12.502344        0.95417           2994
           1000              1       -1.87138      7.5228382       0.668785       50.26744       0.668785           9855
           1000              1       -1.98728      1.6117606        0.98561      2.3002112        0.98561           1468
           1000              1       -1.89095       7.238239        -0.7636      36.135556         0.7636           7810
           1000              1       -1.88342      7.6792414       0.687035      59.043184       0.689875           8660
           1000              1       -1.74286     0.95736816       -0.27059      8.4305134        0.27358          18615
           1000              1       -1.97926       3.120901        0.97041      7.0465128        0.97041           2189
           1000              1       -1.98324       2.495481       -0.98261      3.3290352        0.98261           1720
           1000              1       -1.97932       2.862935      -0.971475      6.4031797       0.971475           2250
           1000              1       -1.98734      2.1863698       -0.98819      2.2200896        0.98819           1470
           1000              1       -1.89795       7.109079        0.68445      64.782227        0.69982           8063
           1000              1       -1.98144      2.5574106        0.97345       6.464799        0.97345           2072
           1000              1       -1.92519      6.1621456       0.778815       49.25665       0.793715           6000
           1000              1       -1.98682       1.981875      -0.985545      2.6435912       0.985545           1469
           1000              1       -1.74062      1.2363262       0.008365      4.2302616       0.203895          19208
           1000              1       -1.98465       2.420271        0.98422      3.1952028        0.98423           1668
           1000              1       -1.73953      1.1587516      -0.165665      10.559006       0.181965          19485
           1000              1       -1.99001         1.7926      -0.994095     0.93696239       0.994095           1196
           1000              1       -1.74667      1.0708844       0.033305      3.7270698       0.184225          18138
           1000              1       -1.86923      7.6170028       0.642085      53.553315       0.653865           9793
           1000              1       -1.97747      3.2364396        0.96285      9.6255896        0.96319           2442
           1000              1       -1.95058      4.7697854        0.87952      30.589302        0.88031           4041
           1000              1       -1.97912      2.9640102       0.970955      7.0712852       0.970955           2234
           1000              1       -1.98722      2.0041886      -0.988595      1.9627204       0.988595           1406
           1000              1       -1.94689      5.5579312       0.884975      25.813769       0.885055           4517
           1000              1       -1.98092      2.8371014       0.973225      6.2717476       0.973355           1953
           1000              1        -1.7466       0.955696       0.001245       1.236852       0.078255          18022
           1000              1       -1.97647      3.1412156        0.95952      10.777508        0.95952           2336
           1000              1       -1.88595       8.050279        0.70266       52.77723        0.70266           9068
           1000              1       -1.94961      5.8354992       -0.91428      16.448613        0.91428           4226
           1000              1       -1.98794      2.0683026       -0.99011      1.6033752        0.99011           1334
           1000              1       -1.82451       6.520784       -0.51242      52.881299        0.51495          12996
           1000              1       -1.98144      2.7829306         0.9746       5.789476         0.9746           1932
           1000              1       -1.98561      2.2698512      -0.980175      4.9793563       0.980185           1586
           1000              1        -1.9746       3.947936        0.96072      10.360726        0.96207           2612
           1000              1       -1.98758      1.8654174        0.98819      1.9973896        0.98819           1339
           1000              1       -1.77346      3.4660114        0.33405      32.816959        0.36504          16609
           1000              1       -1.89079      7.2266704       0.627025      76.039393       0.645945           8328
           1000              1       -1.73971      1.0044864        -0.0316       7.344865        0.26126          19636
           1000              1       -1.98184      3.2399258      -0.979785      4.7855216       0.979855           2049
           1000              1       -1.98141      3.3659648       -0.97697      6.2655676        0.97697           2038
           1000              1       -1.98038      2.9792222       0.964735      10.686399       0.965615           2103
           1000              1       -1.97771      3.3189024       0.967555      7.6652388       0.967555           2336
           1000              1       -1.98481      2.0019056        0.97866      4.9700306        0.97894           1716
           1000              1       -1.98371      3.0710144       -0.98096      4.8788158        0.98098           1799
           1000              1       -1.98031      3.0788816      -0.975715      4.7319455       0.975715           2035
           1000              1       -1.97784      2.9894138      -0.965805      7.9780108       0.965805           2370
           1000              1       -1.98091      3.4448288       0.976665       5.681778       0.976995           2097
           1000              1       -1.98131      3.0621536      -0.977845      3.9959324       0.977845           2106
           1000              1        -1.9779       3.435996       0.971525      6.2683797       0.971525           2246
           1000              1       -1.74341     0.98642876        0.01255      3.8259816        0.13031          18798
           1000              1       -1.93523      5.9717388       0.852005      35.112238       0.853575           5182
           1000              1       -1.98286      2.5635282        -0.9804      4.0328026        0.98044           1850
           1000              1       -1.89532       7.146199      -0.684005      45.701456       0.745535           8041
           1000              1       -1.94373      5.6489548       0.860175      34.797461       0.860415           4552
           1000              1       -1.98447      2.1042076        0.98045       4.202859        0.98045           1751
           1000              1       -1.97964      3.0521882        0.97117      6.7464724        0.97117           2173
           1000              1       -1.95989      4.0792352       -0.92173      16.405303        0.92173           3493
           1000              1       -1.73995       1.087639       0.185755      8.4343448       0.203945          19643
           1000              1       -1.93498      5.8160798        0.84998       31.94176        0.84998           5261
           1000              1       -1.98718       2.050339       0.986345      2.5983264       0.986345           1420
           1000              1        -1.7658       3.275104      -0.262045      32.741096       0.300535          17658
           1000              1         -1.982        3.22672        0.98156      4.2349666        0.98156           1910
           1000              1       -1.98381      2.5475136       0.983345      3.0308344       0.983345           1769
           1000              1       -1.97624       3.037865      -0.962885      8.1727855       0.963035           2534
           1000              1       -1.90161      7.4194032       0.790165         33.551       0.790355           7584
           1000              1       -1.85636      8.0731002       -0.64057      51.285999        0.64695          10920
           1000              1       -1.74454     0.93951536      -0.059795       5.836644       0.201505          18647
           1000              1        -1.9575        4.55406       -0.92347      15.744584        0.92347           3774
           1000              1       -1.98993       1.990918       0.993015      1.3933539       0.993015           1218
           1000              1       -1.99101       1.300592       0.993885     0.78741271       0.993885           1048
           1000              1       -1.98744      2.0727386       -0.98873      1.7099548        0.98873           1385
           1000              1       -1.98265       2.971311       0.979915      4.4617671       0.979915           1900
           1000              1       -1.98534      2.5900338       -0.98579      2.8616504        0.98579           1594
           1000              1       -1.97971      3.1874464       -0.97233      6.8199884        0.97233           2156
           1000              1       -1.96254      3.6205394        0.93513      11.358653        0.93513           3168
           1000              1       -1.97912      3.2718502       0.971415      6.7335291       0.971415           2251
           1000              1       -1.98317      2.6513804       -0.97953      4.4501716        0.97953           1833
           1000              1       -1.74023      1.1728188        -0.0405        5.33079        0.20057          19520
           1000              1       -1.85515       7.040551        0.43494        57.8677        0.60683          10569
           1000              1       -1.99074       1.434901       -0.99307        1.04317        0.99307           1144
           1000              1       -1.97364      3.8956602       0.953165      13.451417       0.954205           2736
           1000              1       -1.85221      7.6473664          0.493      75.758202        0.52979          11153
           1000              1       -1.80245       4.866759       0.491805      33.699927       0.491805          13536
           1000              1       -1.98358      2.8822334       -0.98229      3.8574224        0.98229           1815
           1000              1       -1.98499        2.36656        0.98252      3.8898998        0.98252           1639
           1000              1       -1.98844      2.2502266      -0.991565      1.8175103       0.991565           1340
           1000              1       -1.98278      2.6253886       -0.97817      4.3835804        0.97817           1876
           1000              1       -1.98612      2.0323782         0.9865        2.13892         0.9865           1495
           1000              1       -1.77798      3.9009278      -0.222945      43.150297       0.286945          16159
           1000              1       -1.97784      3.2295738       0.965125      8.4664437       0.965125           2312
           1000              1        -1.9762       3.046864       0.960065      9.0984083       0.960065           2368
           1000              1       -1.98024       3.043177       -0.96986      8.1624722        0.96986           2180
           1000              1       -1.98117      2.6788524       0.970985      7.4432819       0.970985           1980
           1000              1       -1.97736      2.9315322      -0.965705      7.6255512       0.965705           2283
           1000              1        -1.9873       2.232524       0.989025      2.2461497       0.989025           1389
           1000              1       -1.97568       3.176455        0.96154      8.4210466        0.96156           2538
