# Contents: 
# Columns: MCcycles  -  T  -  Eaverage/part.  -  C_V  -  M/part  -  Xsi  -  abs(M)_average/part  -  N_accepted
           1000              1       -1.74685       0.831831        0.08425      8.1553686        0.21778          17932
          10990              1     -1.9959982     0.22938671     0.99793722     0.25653637     0.99793722           4562
          20980              1     -1.9960639     0.20224127    -0.99717374     0.63479707      0.9971785           8326
          30970              1     -1.9901204     0.77639329     0.97595899      7.4180759     0.97682209          25411
          40960              1     -1.9969463    0.083475018     0.99899573    0.066881487     0.99899573          12919
          50950              1     -1.9968367    0.080804486    -0.99880216     0.11152028     0.99880216          16474
          60940              1     -1.9964565     0.14931027     0.99811085      0.3452408     0.99811085          22165
          70930              1     -1.9968568    0.077638882     0.99868194     0.16902932     0.99868194          23039
          80920              1      -1.996989    0.062959319     -0.9990338    0.058652608     0.99903726          24929
          90910              1     -1.9935467     0.39807431    -0.98715977      3.8333426     0.98770152          50195
         100900              1     -1.9928517     0.46166122    -0.98636774       3.888454     0.98668271          60097
         110890              1     -1.9969686    0.048242045    -0.99905298    0.056029036     0.99905334          34152
         120880              1     -1.9969629    0.050240481     0.99891326     0.10390938     0.99892666          36956
         130870              1     -1.9938665     0.36082344     0.98696806      3.1888429     0.98917193          69505
         140860              1     -1.9971291    0.039678528       0.999197     0.01892169       0.999197          42030
         150850              1     -1.9970922    0.038608226    -0.99919745     0.02089775     0.99919745          44873
         160840              1     -1.9969639    0.052804354    -0.99895502    0.091183759     0.99895502          49750
         170830              1     -1.9970748    0.038749058    -0.99915993    0.026506096     0.99915993          50975
         180820              1     -1.9932609     0.41839538     0.98325332      3.3450862      0.9879236         102861
         190810              1     -1.9971001    0.039178865     0.99919944    0.018423218     0.99919944          56702
         200800              1     -1.9970701    0.035451579     0.99917702    0.020220763     0.99917702          59837
         210790              1     -1.9955725     0.18336709     0.99523393      1.0964452     0.99523417          84349
         220780              1     -1.9970734    0.037321768      0.9991696    0.023304075      0.9991696          65848
         230770              1     -1.9970572    0.038490716     0.99910497    0.051333373     0.99910714          68979
         240760              1     -1.9971084    0.033153897    -0.99917939    0.025550045     0.99917939          71253
         250750              1     -1.9969369    0.052008567      0.9986216      0.2034472     0.99862255          76778
         260740              1     -1.9960922      0.1348167    -0.99588885      1.0867274     0.99591789          95634
         270730              1     -1.9967833    0.075726015    -0.99824343     0.31657604     0.99826752          86626
         280720              1     -1.9971543    0.031716949    -0.99923205    0.013268198     0.99923222          82068
         290710              1     -1.9970637    0.041349374     0.99897324      0.0931844     0.99897327          87779
         300700              1     -1.9970827    0.034556064     0.99913932    0.039011409     0.99914029          89295
         310690              1     -1.9968246    0.061607463     0.99802483     0.31653869     0.99831792          98243
         320680              1     -1.9971303    0.027410202    -0.99926268   0.0032580622     0.99926268          93663
         330670              1     -1.9971328    0.033622212    -0.99919075    0.027559654     0.99919253          97335
         340660              1     -1.9955353     0.18780541    -0.99324561      1.5972451     0.99427191         137354
         350650              1     -1.9965745    0.084791292    -0.99773814     0.42147819      0.9977382         116113
         360640              1     -1.9968896    0.052424757    -0.99846449     0.24192193     0.99854016         111654
         370630              1     -1.9967493    0.069501389     0.99813296     0.33576897     0.99813342         118746
         380620              1     -1.9971689     0.02890325    -0.99926191   0.0063432292     0.99926191         110407
         390610              1     -1.9957226      0.1714671    -0.99433524      1.3325074     0.99498879         153167
         400600              1     -1.9971235    0.031380855    -0.99920885    0.018936926     0.99920885         118161
         410590              1     -1.9965442    0.089020993     0.99731601     0.51228213     0.99751477         136717
         420580              1     -1.9968342    0.057128894    -0.99847171     0.24518393     0.99847197         132027
         430570              1     -1.9971349    0.027958966     -0.9992382    0.009894624      0.9992382         125429
         440560              1     -1.9970955    0.030789454     0.99919238    0.021275479     0.99919272         130533
         450550              1     -1.9969677    0.045008705     0.99881129     0.12871071     0.99881129         136361
         460540              1     -1.9969898    0.043986913      0.9988474     0.12745703     0.99884742         139383
         470530              1     -1.9970838    0.034163707    -0.99910352    0.050268945     0.99910384         139167
         480520              1     -1.9971356    0.028736668    -0.99922914    0.012794086     0.99922914         139877
         490510              1     -1.9971041    0.031002797    -0.99918795    0.025627321     0.99918795         144392
         500500              1      -1.997116    0.031103556    -0.99919923    0.023712558     0.99919923         147652
         510490              1     -1.9966855    0.072041396     0.99772664     0.45627348     0.99787383         165055
         520480              1     -1.9971389     0.02809247    -0.99923665    0.009108563     0.99923665         152763
         530470              1     -1.9971351    0.027536503      0.9992508   0.0062170106      0.9992508         155245
         540460              1     -1.9971215    0.027109594     -0.9992528   0.0048086885      0.9992528         157135
         550450              1     -1.9971483    0.028699653     0.99922859     0.01446229     0.99922874         161216
         560440              1      -1.995999     0.13863567     0.99569336      1.0277181     0.99591561         209455
         570430              1     -1.9970054    0.042234478    -0.99880041     0.15278638     0.99883258         172526
         580420              1      -1.997142    0.028836769     0.99921671    0.019030831     0.99921996         170117
         590410              1     -1.9971398    0.027024385     0.99925885   0.0050685842     0.99925885         171917
         600400              1     -1.9968862    0.056097148     0.99846159     0.23922545      0.9984773         186223
         610390              1     -1.9971535    0.025856579    -0.99925979   0.0046702851     0.99925979         178136
         620380              1      -1.997114    0.030278601    -0.99919661    0.023292457     0.99919819         182440
         630370              1     -1.9965782    0.084511936     0.99724007     0.54128263     0.99753057         209166
         640360              1     -1.9971216    0.028410927     0.99923531     0.01073677     0.99923548         187287
         650350              1     -1.9971552    0.027811043     0.99924909   0.0091276167     0.99924909         189717
         660340              1     -1.9971639    0.026556966     0.99925956   0.0059280194     0.99925956         191834
         670330              1      -1.997137    0.026886596     0.99925528   0.0053243682     0.99925528         195170
         680320              1     -1.9969214    0.048673116     0.99848221     0.26970567     0.99849962         207975
         690310              1     -1.9969773    0.044138219    -0.99882506     0.11131184     0.99882506         209306
         700300              1     -1.9971649    0.026251253     0.99925561   0.0069911919     0.99925561         203085
         710290              1     -1.9971249    0.029140685     0.99920216    0.020199953     0.99920216         207502
         720280              1     -1.9971276    0.027544263    -0.99924158   0.0090771194     0.99924158         210023
         730270              1     -1.9967628    0.063725286    -0.99784146     0.42131286     0.99803941         232876
         740260              1     -1.9967766    0.063538539     0.99780722     0.38275427     0.99810581         234759
         750250              1     -1.9971504    0.026182376    -0.99925468   0.0062970272     0.99925468         218398
         760240              1     -1.9971445    0.026631483    -0.99925276   0.0060549441     0.99925276         221742
         770230              1     -1.9971324    0.028558435    -0.99922165    0.017200189     0.99922165         225899
         780220              1     -1.9971507    0.025627589     0.99926452   0.0036463212     0.99926452         226221
         790210              1     -1.9971494    0.025594037    -0.99926571   0.0036814546     0.99926571         230056
         800200              1     -1.9971295    0.026775936    -0.99924587   0.0075276888     0.99924587         233885
         810190              1     -1.9971351    0.026762282       0.999238   0.0098159655       0.999238         236686
         820180              1      -1.997144    0.026072898    -0.99925291   0.0063221212     0.99925309         239086
         830170              1     -1.9971425     0.02650032     0.99925047   0.0067699353     0.99925047         241463
         840160              1     -1.9971348    0.027968351     0.99924593   0.0092435565     0.99924593         245703
         850150              1     -1.9966443    0.075886194    -0.99790967     0.38571895     0.99791811         276019
         860140              1     -1.9971459    0.026424343     0.99925632   0.0058482988     0.99925632         250057
         870130              1     -1.9971493    0.025679261     0.99926287   0.0040288481     0.99926287         252907
         880120              1     -1.9971445    0.026348631     -0.9992629   0.0045790986     0.99926292         256029
         890110              1     -1.9971289    0.027530602     -0.9992244    0.015414611      0.9992244         261184
         900100              1     -1.9971262    0.027547551    -0.99924035    0.010195561     0.99924039         263283
         910090              1     -1.9971412    0.026375559     0.99925366    0.006339213     0.99925366         265675
         920080              1     -1.9967626    0.064262868    -0.99824864     0.28861423     0.99824953         292908
         930070              1     -1.9971502    0.026214206    -0.99924759   0.0089022479     0.99924764         271038
         940060              1     -1.9970711    0.034047436    -0.99902492    0.079827421     0.99903463         278627
         950050              1     -1.9971373    0.026509303     0.99924994    0.006787342     0.99924994         277145
         960040              1     -1.9971295    0.026568615    -0.99925007   0.0064713481     0.99925007         280295
         970030              1      -1.997157    0.025714753    -0.99925834   0.0063909516     0.99925849         280739
         980020              1     -1.9971531    0.027190548    -0.99924425    0.011361439     0.99924529         284737
         990010              1     -1.9971509    0.026606303    -0.99925282   0.0075709509     0.99925282         287946
        1000000              1     -1.9971475    0.026011949    -0.99925364   0.0061155717     0.99925364         291266
# Initial state = Random
