# Initial state: Random
# MCcycles  -  T  -  Eaverage/part.  -  C_V  -  M/part  -  Xsi  -  abs(M)_average/part  -  N_accepted
           1000              1       -1.74685       0.831831        0.08425      8.1553686        0.21778          17932
           1180              1     -1.9868475      1.9091093     0.98694068      2.3222393     0.98694068           1626
           1360              1     -1.9932721      1.0012763    -0.99684191     0.37162089     0.99684191           1084
           1540              1     -1.9893831      1.5003932     0.98942857      1.8506226     0.98942857           1838
           1720              1         -1.989      1.4762977     0.98690407      2.7077068     0.98690407           2037
           1900              1     -1.9254579      6.0500846    -0.84071316      28.557981     0.84071316          10485
           2080              1     -1.9892644      1.3321105    -0.98794471       2.504892     0.98794471           2377
           2260              1     -1.9943584     0.91588844     0.99724336     0.47361525     0.99724336           1474
           2440              1     -1.9900697      1.2040472    -0.98892828      2.2343643     0.98892828           2646
           2620              1     -1.9910458      1.0743411    -0.98817939       3.059325     0.98887405           2409
           2800              1     -1.9933607      0.8927251     0.99531964      0.8314127     0.99531964           1963
           2980              1     -1.9472248       4.429067    -0.79821477      30.740682     0.86492282          11792
           3160              1     -1.9920222     0.90852892    -0.99103165       2.055935     0.99103165           2744
           3340              1     -1.9748922      2.4824025    -0.94241916      15.563875     0.94256886           6347
           3520              1     -1.9335341      5.2583223      0.7821875      43.675679     0.81428977          17895
           3700              1     -1.9096514      6.2414973    -0.73548108      53.077393      0.7445027          24625
           3880              1     -1.9941624     0.58301832     0.99518943     0.82007585     0.99518943           2508
           4060              1     -1.9929409     0.74341732     0.99374384      1.1098516     0.99374384           3068
           4240              1     -1.8682406      6.5793278    -0.54354245      68.432587     0.59116274          40089
           4420              1     -1.9934864     0.72790717     0.99414253      1.1974887     0.99414253           3070
           4600              1       -1.99455     0.54023204     -0.9961663     0.60965807      0.9961663           2631
           4780              1      -1.974682      2.3554826     0.94934414      11.319897     0.94934414           9403
           4960              1     -1.9701694      2.6966821     0.90235383      24.148844     0.91822883          11492
           5140              1     -1.9958599     0.42039682     0.99761187     0.42168901      0.9976177           2364
           5320              1     -1.9958195     0.41103961    -0.99816259     0.21477552     0.99816259           2400
           5500              1     -1.9937055     0.68479148     0.99259909      1.9585729     0.99280091           3774
           5680              1     -1.9935176     0.71120551     0.99336796      1.5282585     0.99336796           3894
           5860              1     -1.9957833     0.34905835    -0.99752901      0.3275884     0.99752901           2717
           6040              1     -1.9733709      2.4531635     0.91316722      20.921639      0.9278543          12408
           6220              1     -1.9957508      0.3638967     0.99798714     0.29628611     0.99798714           2806
           6400              1     -1.9944875     0.43600744    -0.99530234     0.87435562     0.99530234           3554
           6580              1     -1.9582462      3.4427454     0.89552508      24.324803     0.89718313          19945
           6760              1     -1.9519601      3.8328242    -0.84532101      37.640538     0.85891124          23659
           6940              1       -1.99533     0.41849823      0.9962572     0.71751043      0.9962572           3564
           7120              1     -1.8922346      6.1982218    -0.66213413      57.504096     0.68526756          54365
           7300              1     -1.9721315      2.5510703    -0.91714452      25.234599     0.91954863          15684
           7480              1     -1.9507219      3.9520696      0.8386738      38.501481     0.85378743          26872
           7660              1     -1.9951449     0.39882711     0.99648564     0.65983778     0.99648564           3835
           7840              1     -1.9951033     0.43260798     0.99602041     0.83416514     0.99602041           4110
           8020              1     -1.9957244     0.26705691    -0.99752244     0.28646239     0.99752244           3567
           8200              1     -1.9890951     0.95988711     0.97730366      6.8115794      0.9774061           7775
           8380              1     -1.9963675     0.27508487     0.99817005     0.20210323     0.99817005           3237
           8560              1     -1.9955666      0.2655258    -0.99690537     0.43191231     0.99690537           3965
           8740              1     -1.9954725     0.35442327    -0.99713844     0.53109041     0.99714531           4052
           8920              1     -1.9960269     0.28693245     0.99786996     0.30270759     0.99786996           3731
           9100              1     -1.9952835     0.30176565     0.99637253      0.6246091     0.99637253           4299
           9280              1     -1.9729946      2.3463827     0.92116433      23.043704     0.92252963          18632
           9460              1     -1.9848044      1.2753801    -0.95198414      10.959449     0.96249049          10954
           9640              1     -1.9947241     0.46182847    -0.99503786      1.2056138      0.9951167           5292
           9820              1      -1.995446     0.35950087     0.99557332        1.06357     0.99560183           4672
          10000              1      -1.948269      4.0226855       0.793027      44.161298       0.837247          36927
