# Initial state: Random
# MCcycles  -  T  -  Eaverage/part.  -  C_V  -  M/part  -  Xsi  -  abs(M)_average/part  -  N_accepted
           1000              1       -1.74685       0.831831        0.08425      8.1553686        0.21778          17932
           1023              1     -1.9850831       2.190877          0.985      2.6671945          0.985           1592
           1047              1      -1.988596      1.8915133     -0.9915043      1.5213775      0.9915043           1340
           1071              1     -1.7431559      1.0056146     0.15745565      5.3985461     0.16547619          19670
           1096              1     -1.9873175      2.1234721      0.9891469      1.9871815      0.9891469           1539
           1122              1     -1.7443048       1.022427   -0.015075758      6.2930535     0.14627005          20625
           1148              1     -1.9028049      7.6260517    -0.68487805      59.693552      0.7300784           9165
           1174              1     -1.7425724     0.73227644    -0.24194634      4.6615937     0.24194634          22369
           1202              1     -1.9833943      2.1659737      0.9790391      4.5126696     0.97906406           2169
           1230              1     -1.8991382      6.8811989    -0.71187805      56.260461     0.71552033           8989
           1258              1     -1.9896343      1.3820133     0.99017886      1.7940492     0.99017886           1476
           1288              1     -1.9881832      1.8818474     0.98927795      2.0355057     0.98927795           1768
           1318              1     -1.9824203      2.8602061    -0.97704856      5.9550991     0.97712443           2524
           1348              1     -1.9840579      2.4107132      0.9810497      4.3764955      0.9810497           2297
           1380              1     -1.9891884      1.4841423    -0.98985507      2.2215133     0.98985507           1599
           1412              1     -1.8710269      7.1639125     0.49785057      51.613956     0.66120751          13519
           1445              1      -1.983827      2.1737126    -0.97616263      5.8559731     0.97619031           2430
           1479              1     -1.9860852      1.9657696     0.98270453      3.9002115     0.98270453           2056
           1513              1     -1.9849504      2.3729865     -0.9810542      4.6315912      0.9810542           2483
           1548              1      -1.988062      1.6721411     0.98807171      2.5369429     0.98807171           1975
           1584              1     -1.9901831       1.591931    -0.99065657      1.8083882     0.99065657           1772
           1621              1     -1.8632202      7.3463764    -0.66912091      43.150814     0.66912091          16616
           1659              1     -1.9876793      1.6098771    -0.98092827      4.8859019     0.98144665           2121
           1698              1      -1.986967      1.5734936     0.98099823      4.6247781     0.98099823           2262
           1737              1     -1.9815486      2.2176935    -0.96866724       7.576576     0.96984168           3168
           1778              1     -1.9893251      1.3283667     -0.9882396       2.265532      0.9882396           2090
           1819              1     -1.9883452      1.3974534     0.98566795      2.9502174     0.98566795           2318
           1862              1     -1.9894737      1.7139171    -0.99055585      1.9979913     0.99055585           2124
           1905              1     -1.9927087      1.1280259    -0.99434908      1.1631586     0.99434908           1540
           1949              1     -1.9913494      1.3232121    -0.99371473      1.2618277     0.99371473           1914
           1995              1     -1.8606566      6.9134917     0.45929073      65.424548     0.58403258          20281
           2041              1     -1.9946595     0.71842986    -0.99728074     0.35609175     0.99728074           1320
           2089              1     -1.9920728     0.87232646     0.99162997      1.4881809     0.99162997           1773
           2137              1      -1.994862     0.77240698    -0.99727188     0.37894151     0.99727188           1311
           2187              1     -1.9923228     0.97942389    -0.99398262     0.87210998     0.99398262           1848
           2238              1     -1.9855228      1.8998281    -0.97762064      6.2262441     0.97765192           3342
           2290              1     -1.9844105      1.7521143    -0.97300655      6.8328217     0.97301528           3345
           2344              1     -1.9695947      2.9182107     0.92475043      20.272812     0.92475043           5672
           2398              1     -1.9906922      1.2255298    -0.98878857      2.7624522     0.98886781           2440
           2454              1     -1.9928036      1.0495699      0.9945762      1.0062199      0.9945762           1927
           2511              1     -1.9923138     0.81412293    -0.99338909      1.1203678     0.99338909           1959
           2570              1     -1.8763152      6.6642498    -0.45372957      58.747552     0.63852335          22713
           2630              1     -1.9944259     0.83873506     0.99642586     0.62969519     0.99643346           1701
           2691              1     -1.9906689      1.2251796     0.98824043       2.917403     0.98829246           2761
           2754              1     -1.9927015     0.99501825    -0.99327342       1.411215     0.99327342           2203
           2818              1     -1.9893187      1.3695801     0.98758872      2.8752222     0.98758872           2896
           2884              1     -1.9662171      3.2518208    -0.92176838      19.240518     0.92176838           7565
           2951              1     -1.8686716      6.7355599     0.58812775      67.424911      0.5961962          28385
           3019              1     -1.9911428      1.0469106    -0.98945346      2.2274526     0.98945346           2847
           3090              1     -1.8756926       6.624203     0.55549029      63.953267     0.62841262          27509
           3162              1     -1.9143991       6.104125    -0.68081278      65.121453      0.7244339          19973
           3235              1     -1.9905904      1.2775978     0.98553787      4.4200423     0.98557187           3305
           3311              1     -1.7483268       0.315425   -0.080943824      5.0962501     0.15239958          58708
           3388              1     -1.9955018     0.31117438    -0.99753542     0.24244047     0.99753542           1680
           3467              1     -1.9922238     0.96292522     0.99197721      1.6252058     0.99197721           2987
           3548              1     -1.9916939     0.93518823    -0.99053551      2.1381564      0.9906398           3190
           3630              1     -1.9943251     0.64430815     0.99645179     0.58683185     0.99645179           2181
           3715              1     -1.9247618      5.7386018      0.7391965      59.511484     0.76150067          21030
           3801              1     -1.9695501      2.8645862     -0.9382623      13.291102      0.9382623           8917
           3890              1     -1.9145604      5.7216759     0.71884447      61.977747     0.73117095          23208
           3981              1      -1.949063      4.2180362    -0.84248681      33.245057     0.86499372          14801
           4073              1     -1.9927645     0.89505241    -0.99276577      1.6230266     0.99276577           3236
           4168              1     -1.9951751     0.47148485     -0.9978071     0.31186727      0.9978071           2052
           4265              1     -1.9882485      1.0457225     0.98100469      4.2275939     0.98100469           4361
           4365              1     -1.9955785     0.39888792    -0.99787858     0.27988139     0.99787858           2137
           4466              1     -1.9296776      5.2826275    -0.78437528      45.593314     0.80310121          22919
           4570              1     -1.9748315      2.3391965     0.93852626      17.178431     0.93891794           8905
           4677              1     -1.9161257      5.6354927     -0.6579752      61.110226     0.73462476          27810
           4786              1     -1.9839177       1.512816     0.96516089      9.8515631     0.96517551           6379
           4897              1     -1.9943271      0.5970519     0.99546661     0.85223678     0.99546661           3011
           5011              1     -1.9814528      1.5797584     -0.9664538      6.8461652      0.9664538           6971
           5128              1     -1.9937559     0.64881921     0.99398791      1.3298204     0.99398791           3360
           5248              1     -1.9874009      1.1474656     0.97357851      7.5209524     0.97357851           5710
           5370              1     -1.9276406      5.3250359    -0.76448883      50.958568     0.78186872          28205
           5495              1     -1.9940218     0.66459817    -0.99395996      1.4107886     0.99397998           3306
           5623              1     -1.9944691     0.38434931     0.99540459     0.74594021     0.99540459           3282
           5754              1     -1.9952398      0.3931122    -0.99672228     0.50698868     0.99672228           2866
           5888              1     -1.9539861      3.8045616    -0.88663553      25.785036     0.88721637          19751
           6025              1     -1.9346324      4.9643559     0.75658589      46.699375     0.81005975          28511
           6165              1     -1.9931419     0.63513647    -0.99214031      1.8625621     0.99224736           4446
           6309              1     -1.9933524     0.60476131     0.99152956      2.1259445      0.9917166           4315
           6456              1     -1.9938305     0.56175778    -0.99219718      2.0290984     0.99251471           4091
           6606              1     -1.9958114     0.27721471     0.99803512     0.24375694     0.99803512           2826
           6760              1     -1.9949098     0.40076597    -0.99610355     0.68225843     0.99610355           3628
           6918              1     -1.9948858     0.41201849     0.99498844      1.1698352     0.99498844           3619
           7079              1     -1.9847789      1.4148455     0.96609337      9.3088835     0.96677426           8534
           7244              1     -1.9287907      5.0886917     0.75644188      54.947887     0.77580411          36729
           7413              1     -1.9948901     0.42255688     0.99579522     0.85796234     0.99579522           3862
           7585              1     -1.9963415     0.23984051    -0.99852208     0.16803599     0.99852208           3065
           7762              1     -1.9900193       1.014929    -0.98452074      3.7737032     0.98456197           6986
           7943              1      -1.994876     0.32716368     -0.9957472     0.75118672      0.9957472           4111
           8128              1     -1.9953949      0.4082447     0.99656188       0.624584     0.99656188           4080
           8317              1     -1.9943429     0.47424475     0.99381207      1.5117087     0.99395996           4700
           8511              1     -1.9909811      1.0442443     0.98643109      4.1708326     0.98708671           7923
           8709              1     -1.9952773     0.38027123     0.99645769      0.6712743     0.99645769           4303
           8912              1     -1.9964868     0.24978907     0.99858057     0.16956213     0.99858057           3423
           9120              1     -1.9928202     0.55204671    -0.98926096      2.7640293     0.98926096           5839
           9332              1     -1.9483862      4.1258335     0.81766663      47.013336     0.83419471          35996
           9549              1     -1.9906367     0.77628773    -0.97927951      6.0422363      0.9802639           7500
           9772              1     -1.9962106     0.21850915     0.99824243     0.17869786     0.99824243           3903
           9999              1     -1.9954885     0.33883342    -0.99643814     0.82002848     0.99644014           4966
          10232              1     -1.9950352     0.37881108     0.99546423       1.025725     0.99546423           5409
          10471              1     -1.9584844      3.3707668     0.87510457      32.430352     0.88002101          31782
          10715              1     -1.9962501     0.21446308    -0.99834298     0.17110236     0.99834298           4200
          10964              1     -1.9960534     0.28338317    -0.99760443     0.43955495     0.99760626           4759
          11220              1      -1.983049      1.4328411     0.96203832      10.042379     0.96203832          14800
          11481              1     -1.9957626     0.26161306     0.99745188     0.39938785     0.99745188           5010
          11748              1     -1.9961185     0.21538315    -0.99800392     0.27024487     0.99800392           4697
          12022              1      -1.995663     0.29144123     0.99701838     0.58309279     0.99702753           5404
          12302              1     -1.9964965     0.23432936    -0.99855999     0.18571339     0.99855999           4663
          12589              1     -1.9670752      2.7818225     0.88120542      28.514923     0.90263127          31320
          12882              1     -1.9863476       1.121902    -0.97236221       6.872831     0.97236376          13766
