1000              1         -1.994       0.047856          0.998       0.005984          0.998
1013              1      -1.994077     0.04724368     0.99802567    0.005907409     0.99802567
1028              1     -1.9941634    0.046556345     0.99805447   0.0058214356     0.99805447
1042              1     -1.9942418    0.045932634     0.99808061   0.0057434212     0.99808061
1056              1     -1.9943182    0.045325413     0.99810606   0.0056674702     0.99810606
1071              1     -1.9943978    0.044692387     0.99813259    0.005588292     0.99813259
1086              1     -1.9944751    0.044076799     0.99815838   0.0055112956     0.99815838
1101              1     -1.9945504    0.043477938     0.99818347   0.0054363921     0.99818347
1117              1     -1.9946285    0.042856834     0.99820949   0.0053587072     0.99820949
1132              1     -1.9946996    0.042290452     0.99823322   0.0052878672     0.99823322
1148              1     -1.9947735    0.041702582     0.99825784   0.0052143403     0.99825784
1164              1     -1.9948454    0.041130832     0.99828179   0.0051428302     0.99828179
1180              1     -1.9949153    0.040574548     0.99830508   0.0050732548     0.99830508
1197              1     -1.9949875    0.039999749     0.99832916   0.0050013645     0.99832916
1213              1     -1.9950536    0.039473443      0.9983512   0.0049355396      0.9983512
1230              1      -1.995122    0.038929209     0.99837398   0.0048674731     0.99837398
1247              1     -1.9951885    0.038399778     0.99839615   0.0048012584     0.99839615
1265              1     -1.9952569    0.037854677     0.99841897   0.0047330844     0.99841897
1282              1     -1.9953198    0.037353881     0.99843994    0.004670452     0.99843994
1300              1     -1.9953846     0.03683787     0.99846154   0.0046059172     0.99846154
1318              1     -1.9878604    0.096527364     0.97799697    0.010564588     0.99620637
1337              1     -1.9880329    0.095163879     0.94988781    0.010415262     0.99626028
1356              1     -1.9882006    0.093838376     0.92256637    0.010270099     0.99631268
1374              1     -1.9883552    0.092616252     0.89737991    0.010136259     0.99636099
1394              1     -1.9885222    0.091295139     0.87015782   0.0099915811      0.9964132
1413              1     -1.9886766    0.090074523     0.84501062   0.0098579112     0.99646143
1433              1     -1.9888346    0.088824435     0.81926029   0.0097210163     0.99651082
1453              1     -1.9889883    0.087608569     0.79421886   0.0095878712     0.99655884
1473              1     -1.9891378     0.08642554     0.76985743   0.0094583241     0.99660557
1493              1     -1.9892833    0.085274034     0.74614869   0.0093322309     0.99665104
1514              1      -1.989432     0.08409752     0.72192867   0.0092034015     0.99669749
1535              1     -1.9895765    0.082953029     0.69837134   0.0090780804     0.99674267
1557              1     -1.9897238    0.081786978      0.6743738   0.0089504007      0.9967887
1579              1      -1.989867    0.080653254     0.65104497   0.0088262627     0.99683344
1601              1     -1.9900062    0.079550531     0.62835728   0.0087055209     0.99687695
1623              1     -1.9901417    0.078477554     0.60628466    0.008588038     0.99691929
1646              1     -1.9902795    0.077386322     0.58383961   0.0084685581     0.99696233
1668              1     -1.9904077    0.076370558     0.56294964   0.0083573429      0.9970024
1692              1     -1.9905437    0.075292434     0.54078014   0.0082393016     0.99704492
1715              1     -1.9906706    0.074287414     0.52011662   0.0081292659     0.99708455
1739              1     -1.9907993     0.07326691     0.49913744   0.0080175363     0.99712478
1763              1     -1.9909246    0.072274062     0.47872944   0.0079088364     0.99716393
1788              1     -1.9910515    0.071268061     0.45805369   0.0077986978     0.99720358
1813              1     -1.9911748     0.07028968     0.43794815   0.0076915846     0.99724214
1838              1     -1.9912949    0.069337798     0.41838955   0.0075873738     0.99727965
1864              1     -1.9914163    0.068374809     0.39860515   0.0074819485      0.9973176
1890              1     -1.9904762    0.075827664     0.38835979   0.0094834971      0.9968254
1916              1     -1.9906054    0.074803544     0.39665971   0.0093553463     0.99686848
1943              1      -1.990736    0.073768909     0.40504375   0.0092258815     0.99691199
1970              1     -1.9908629    0.072762504     0.41319797    0.009099951     0.99695431
1998              1      -1.990991    0.071747423     0.42142142   0.0089729369       0.996997
2025              1     -1.9911111    0.070795062      0.4291358   0.0088537723     0.99703704
2054              1     -1.9912366     0.06979992     0.43719572   0.0087292565     0.99707887
2082              1     -1.9913545    0.068865284     0.44476465    0.008612313     0.99711816
2111              1     -1.9914732    0.067923294     0.45239223   0.0084944509     0.99715775
2141              1     -1.9915927    0.066975561     0.46006539   0.0083758719     0.99719757
2171              1     -1.9917089    0.066053911     0.46752649   0.0082605579      0.9972363
2201              1     -1.9918219    0.065157282     0.47478419   0.0081483758     0.99727397
2232              1     -1.9919355    0.064255983     0.48207885   0.0080356111     0.99731183
2263              1      -1.992046    0.063379279     0.48917366   0.0079259247     0.99734865
2294              1     -1.9921534    0.062526176     0.49607672   0.0078191925     0.99738448
2326              1     -1.9922614    0.061669312     0.50300946    0.007711991     0.99742046
2359              1     -1.9923696    0.060809926     0.50996185   0.0076044753     0.99745655
2391              1     -1.9924718     0.05999915     0.51652028   0.0075030423     0.99749059
2425              1     -1.9925773    0.059161059     0.52329897   0.0073981932     0.99752577
2459              1       -1.99268    0.058346058      0.5298902   0.0072962341     0.99755998
2493              1     -1.9927798    0.057553207     0.53630164    0.007197047     0.99759326
2528              1     -1.9928797    0.056759233     0.54272152   0.0070977207     0.99762658
2563              1      -1.992977    0.055986868     0.54896606   0.0070010987     0.99765899
2599              1     -1.9930743    0.055214062     0.55521354   0.0069044225     0.99769142
2635              1     -1.9931689      0.0544623     0.56129032   0.0068103799     0.99772296
2672              1     -1.9932635    0.053710692     0.56736527   0.0067163577     0.99775449
2709              1     -1.9933555    0.052979548     0.57327427   0.0066248962     0.99778516
2747              1     -1.9934474    0.052249076     0.57917728   0.0065335199      0.9978158
2785              1     -1.9935368    0.051538474     0.58491921     0.00644463      0.9978456
2824              1     -1.9936261    0.050828993     0.59065156   0.0063558812     0.99787535
2863              1     -1.9937129     0.05013878     0.59622773   0.0062695435      0.9979043
2903              1     -1.9937995    0.049450074     0.60179125   0.0061833952     0.99793317
2944              1     -1.9938859    0.048763513     0.60733696   0.0060975159     0.99796196
2985              1     -1.9939698    0.048095755     0.61273032   0.0060139895     0.99798995
3026              1     -1.9940516    0.047446038     0.61797753   0.0059327206     0.99801718
3068              1      -1.994133    0.046798427      0.6232073   0.0058517157     0.99804433
3111              1     -1.9942141     0.04615346      0.6284153   0.0057710423     0.99807136
3154              1      -1.994293    0.045526028     0.63348129    0.005692563     0.99809765
3198              1     -1.9943715    0.044901422     0.63852408   0.0056144377     0.99812383
3243              1     -1.9944496    0.044280102     0.64353993   0.0055367242     0.99814986
3288              1     -1.9945255    0.043675742     0.64841849   0.0054611327     0.99817518
3334              1     -1.9946011    0.043074768     0.65326935   0.0053859654     0.99820036
3381              1     -1.9946761    0.042477575     0.65808932   0.0053112715     0.99822538
3428              1     -1.9947491    0.041896714     0.66277713   0.0052386211     0.99824971
3476              1     -1.9948216    0.041319666     0.66743383   0.0051664479     0.99827388
3524              1     -1.9948922    0.040758296     0.67196368   0.0050962365     0.99829739
3573              1     -1.9949622     0.04020075     0.67646236   0.0050265037     0.99832074
3623              1     -1.9950317    0.039647332     0.68092741   0.0049572879     0.99834391
3673              1     -1.9950994    0.039108945      0.6852709   0.0048899524     0.99836646
3725              1     -1.9951678    0.038564317     0.68966443   0.0048218369     0.99838926
3777              1     -1.9952343    0.038034649     0.69393699   0.0047555929     0.99841144
3829              1      -1.995299    0.037519334      0.6980935   0.0046911445     0.99843301
3883              1     -1.9953644    0.036998773     0.70229204   0.0046260405      0.9984548
3937              1      -1.995428     0.03649246     0.70637541   0.0045627188       0.998476
3992              1      -1.992986    0.055915438      0.7009018   0.0079909318     0.99749499
4047              1     -1.9930813    0.055158168     0.67778601    0.007882669     0.99752903
4104              1     -1.9931774    0.054394705     0.65448343    0.007773522     0.99756335
4161              1     -1.9932708    0.053652087     0.63181927   0.0076673562     0.99759673
4219              1     -1.9933634     0.05291697     0.60938611   0.0075622638     0.99762977
4278              1     -1.9934549    0.052189562     0.58719028   0.0074582745     0.99766246
4337              1     -1.9935439    0.051481881     0.56559834   0.0073571064     0.99769426
4398              1     -1.9936335    0.050770111     0.54388358   0.0072553546     0.99772624
4459              1      -1.993272    0.053642665     0.52960305   0.0073785824     0.99764521
4521              1     -1.9933643     0.05290947     0.53605397   0.0072776941      0.9976775
4584              1     -1.9934555    0.052184699     0.54243019   0.0071779659     0.99770942
4648              1     -1.9935456    0.051468475     0.54873064   0.0070794149     0.99774096
4713              1     -1.9936346    0.050760907     0.55495438   0.0069820558     0.99777212
4779              1     -1.9937225    0.050062085     0.56110065   0.0068859011     0.99780289
4845              1      -1.993808    0.049382243     0.56707946   0.0067923588     0.99783282
4913              1     -1.9930796    0.055171753      0.5728679   0.0071020408     0.99765927
4981              1     -1.9931741    0.054421135     0.57869906   0.0070053797     0.99769123
5051              1     -1.9932687    0.053669479     0.58453772   0.0069085861     0.99772322
5121              1     -1.9933607    0.052938303     0.59021675   0.0068144307     0.99775434
5193              1     -1.9934527    0.052206734     0.59589832   0.0067202257     0.99778548
5265              1     -1.9935423    0.051495109      0.6014245   0.0066285898     0.99781576
5338              1     -1.9932559     0.05377086      0.5999438   0.0072841729      0.9976583
5413              1     -1.9933493    0.053028322     0.57777573   0.0071835465     0.99769074
5488              1     -1.9934402    0.052306012     0.55621356   0.0070856624      0.9977223
5565              1      -1.993531     0.05158463     0.53468104   0.0069879049     0.99775382
5642              1     -1.9936193    0.050882874     0.51373626   0.0068928082     0.99778447
5721              1     -1.9937074    0.050182462     0.49283342   0.0067978943     0.99781507
5801              1     -1.9937942    0.049492564     0.47224616   0.0067044061      0.9978452
5882              1     -1.9938796    0.048813102     0.45197212   0.0066123332     0.99787487
5964              1     -1.9939638    0.048143995     0.43200872   0.0065216641     0.99790409
6047              1     -1.9940466    0.047485152     0.41235323   0.0064323868     0.99793286
6131              1     -1.9941282     0.04683648     0.39300277   0.0063444885     0.99796118
6217              1     -1.9942094    0.046190471     0.37373331   0.0062569518     0.99798938
6303              1     -1.9942884    0.045562039     0.35498969   0.0061717977     0.99801682
6391              1     -1.9943671    0.044936451     0.33633234   0.0060870296     0.99804412
6480              1     -1.9944444    0.044320988      0.3179784   0.0060036342     0.99807099
6571              1     -1.9945214    0.043708884     0.29972607   0.0059206947      0.9980977
6662              1     -1.9945962    0.043113458     0.28197238   0.0058400157     0.99812369
6755              1     -1.9946706    0.042521476     0.26432272    0.005759804     0.99814952
6849              1     -1.9938677    0.048907837     0.24740838    0.007425856      0.9977369
6945              1     -1.9939525     0.04823384     0.23016559   0.0073234884     0.99776818
7041              1     -1.9940349    0.047578166     0.21339298   0.0072239048     0.99779861
7140              1     -1.9941176    0.046920415     0.19656863   0.0071240065     0.99782913
7239              1     -1.9941981    0.046280602     0.18020445   0.0070268334     0.99785882
7340              1     -1.9942779    0.045645598     0.16396458   0.0069303915     0.99788828
7442              1     -1.9943564    0.045021751     0.14801129   0.0068356447     0.99791723
7546              1      -1.993374    0.052832599      0.1325868   0.0072671167     0.99768089
7651              1     -1.9934649    0.052109918     0.11704352   0.0071676761     0.99771272
7758              1      -1.993555     0.05139353     0.10163702   0.0070691027     0.99774426
7866              1     -1.9936435    0.050690148    0.086511569   0.0069723197     0.99777524
7976              1     -1.9937312     0.04999326    0.071527081   0.0068764311     0.99780592
8087              1     -1.9938172    0.049309193    0.056819587   0.0067823077     0.99783603
8200              1     -1.9939024    0.048631767    0.042256098   0.0066890988     0.99786585
8314              1      -1.993986    0.047966948    0.027964879   0.0065976255     0.99789512
8430              1     -1.9940688    0.047308868    0.013819692   0.0065070801     0.99792408
8547              1       -1.99415    0.046663157 -5.8500059e-05   0.0064182374      0.9979525
8667              1      -1.994231    0.046018945   -0.013903311   0.0063296019     0.99798085
8787              1     -1.9943098    0.045392279   -0.027369978   0.0062433811     0.99800842
8910              1     -1.9934905    0.051906822   -0.040460157   0.0066026142     0.99781145
9034              1      -1.993137    0.054715296   -0.053464689   0.0070627339     0.99767545
9160              1     -1.9932314    0.053965218   -0.066484716   0.0069658759     0.99770742
9288              1     -1.9933247    0.053224002   -0.079349699   0.0068701634     0.99773902
9417              1     -1.9934162    0.052497314   -0.091961347   0.0067763278     0.99776999
9549              1     -1.9935072    0.051773985    -0.10451356   0.0066829269     0.99780082
9682              1     -1.9935964    0.051065059    -0.11681471   0.0065913867     0.99783103
9817              1     -1.9936844    0.050365054    -0.12895997   0.0065009995     0.99786085
9953              1     -1.9937707    0.049679005    -0.14086205   0.0064124151     0.99789008
10092              1     -1.9938565     0.04899687     -0.1526952   0.0063243369     0.99791914
10233              1     -1.9939412    0.048323797    -0.16437017   0.0062374295     0.99794782
10376              1     -1.9938319    0.049192461    -0.17583847   0.0062472822     0.99792791
10520              1     -1.9937262    0.050032674    -0.18707224   0.0062562709     0.99790875
10667              1     -1.9938127    0.049345322    -0.19827505   0.0061702921     0.99793756
10816              1     -1.9931583    0.054546492    -0.20700814   0.0064521988     0.99778107
10966              1     -1.9930695    0.055251972    -0.19606055   0.0067273411     0.99772023
11119              1     -1.9931649    0.054494299    -0.20712294   0.0066350535      0.9977516
11274              1     -1.9932588    0.053747621    -0.21802377    0.006544106     0.99778251
11431              1     -1.9933514    0.053011883    -0.22876389   0.0064544919     0.99781296
11591              1     -1.9924079    0.060506219    -0.22336295   0.0079103972     0.99741179
11752              1     -1.9925119    0.059680411    -0.20660313   0.0078023885     0.99744724
11916              1      -1.992615    0.058862074    -0.18999664   0.0076953579     0.99748238
12082              1     -1.9927164    0.058056297    -0.17364675   0.0075899715     0.99751697
12251              1     -1.9928169     0.05725831    -0.15745653    0.007485605     0.99755122
12421              1     -1.9929152     0.05647743    -0.14161501    0.007383477     0.99758474
12595              1     -1.9928543    0.056961298    -0.12588329    0.007360426      0.9975784
12770              1     -1.9929522    0.056183462    -0.11045419   0.0072598758     0.99761159
12948              1     -1.9930491    0.055413785   -0.095188446   0.0071603815     0.99764442
13129              1     -1.9931449    0.054652463   -0.080089877   0.0070619683      0.9976769
13312              1     -1.9932392    0.053903704   -0.065241887   0.0069651801     0.99770883
13497              1     -1.9933319    0.053167331   -0.050640883    0.006869994     0.99774024
13685              1     -1.9934235    0.052439346   -0.036207526   0.0067758931     0.99777128
13876              1      -1.993514    0.051719878   -0.021944364   0.0066828941     0.99780196
14070              1     -1.9936034    0.051009043  -0.0078535892   0.0065910118     0.99783227
14266              1     -1.9936913    0.050310449   0.0059932707   0.0065007129     0.99786205
14465              1     -1.9937781    0.049620471    0.019668165   0.0064115284     0.99789146
14666              1     -1.9938634    0.048942507    0.033103777   0.0063238977     0.99792036
14871              1      -1.993948    0.048269872    0.046432654   0.0062369566     0.99794903
15078              1      -1.994031    0.047609177     0.05952381   0.0061515597     0.99797719
15288              1     -1.9939822    0.047997479    0.072409733   0.0061321665     0.99797227
15501              1     -1.9940649    0.047339906    0.085155796    0.006048127     0.99800013
15717              1     -1.9941465     0.04669122    0.097728574   0.0059652239     0.99802761
15936              1     -1.9942269    0.046051425     0.11012801   0.0058834579     0.99805472
16159              1     -1.9943066    0.045417713     0.12240856   0.0058024701     0.99808156
16384              1     -1.9941406    0.046737671     0.11703491   0.0060267411     0.99801636
16612              1      -1.994221    0.046098054     0.10170359    0.005944237     0.99804358
16844              1     -1.9943006     0.04546494    0.086529328   0.0058625724     0.99807053
17079              1     -1.9943791    0.044841124    0.071579132   0.0057821079     0.99809708
17317              1     -1.9944563    0.044226553    0.056851649   0.0057028365     0.99812323
17558              1     -1.9945324    0.043621167     0.04234537   0.0056247505     0.99814899
17803              1     -1.9946077    0.043022487    0.028000899   0.0055475302     0.99817446
18051              1     -1.9946817    0.042432984    0.013877348   0.0054714942     0.99819955
18303              1      -1.994755    0.041850293 -8.1953778e-05   0.0053963374     0.99822433
18558              1      -1.994827    0.041276731   -0.013821532   0.0053223588     0.99824873
18816              1      -1.994898    0.040712203    -0.02734375    0.005249546     0.99827275
19079              1     -1.9946538     0.04265521   -0.040672991   0.0053334891     0.99821794
19345              1     -1.9947273    0.042070238   -0.053864048   0.0052603242     0.99824244
19614              1     -1.9947996    0.041494761   -0.066840012   0.0051883476     0.99826654
19888              1     -1.9947707     0.04172489   -0.079671158   0.0051669655     0.99826529
20165              1     -1.9947434    0.041942533   -0.071138111   0.0052938266     0.99823952
20446              1     -1.9948156    0.041367594   -0.056416903   0.0052212388     0.99826372
20731              1     -1.9948869    0.040800349   -0.041893782   0.0051496232     0.99828759
21020              1      -1.994862    0.040998116   -0.027592769   0.0051262311     0.99828735
21313              1     -1.9949327    0.040435927    -0.01346596   0.0050559174     0.99831089
21610              1     -1.9950023    0.039881583  0.00046274873   0.0049865854      0.9983341
21911              1      -1.995071    0.039335067    0.014193784   0.0049182331     0.99835699
22217              1     -1.9948688     0.04094433    0.027681505   0.0051195039      0.9982896
22527              1     -1.9948506    0.041088946    0.041039641   0.0050933016     0.99829094
22841              1     -1.9949214    0.040525526     0.05422267   0.0050234413     0.99831443
23159              1     -1.9949911     0.03997046    0.067209292   0.0049546175     0.99833758
23482              1     -1.9946342    0.042811329    0.068265054   0.0050981029     0.99825398
23809              1     -1.9947079    0.042224905    0.053593179   0.0050282492     0.99827796
24141              1     -1.9947807    0.041645725      0.0391036   0.0049592589     0.99830164
24478              1     -1.9945257    0.043674556    0.030047389   0.0054202305     0.99818204
24819              1     -1.9944397    0.044358384     0.03305935   0.0054259376     0.99816673
25165              1     -1.9945162    0.043750166    0.018855553   0.0053515173     0.99819193
25516              1     -1.9945916    0.043149968   0.0048401003   0.0052780788     0.99821681
25871              1     -1.9945885    0.043174581  0.00067643307    0.005359889     0.99820262
26232              1      -1.994663     0.04258201    0.014428942   0.0052863025     0.99822736
26598              1     -1.9947364    0.041997609    0.027990826   0.0052137313     0.99825175
26968              1     -1.9946603    0.042603247     0.02560442   0.0052160095     0.99823865
27344              1     -1.9944412    0.044346849    0.011647894   0.0052897004     0.99818973
27725              1     -1.9944454    0.044313017  -0.0022362489    0.005252996     0.99819657
28112              1     -1.9945219    0.043704663   -0.015971827    0.005180858      0.9982214
28504              1     -1.9941061    0.047012324   -0.024645664   0.0055635413     0.99808799
28901              1     -1.9941871     0.04636842   -0.038043666   0.0054873156     0.99811425
29304              1     -1.9940622     0.04736102   -0.051204614   0.0056157609     0.99807194
29712              1     -1.9941438    0.046712576   -0.064233306   0.0055388476     0.99809841
30127              1     -1.9941581    0.046598974   -0.070236001   0.0054956891     0.99810801
30547              1     -1.9942384    0.045960121      -0.055521   0.0054203214     0.99813402
30972              1     -1.9943174     0.04533125   -0.041037066   0.0053461318     0.99815963
31404              1     -1.9943956    0.044709416   -0.026716342   0.0052727731     0.99818494
31842              1     -1.9942843    0.045595093   -0.012687645   0.0055758987      0.9981157
32286              1     -1.9943629    0.044969838   0.0012389271   0.0054994111     0.99814161
32736              1     -1.9943793    0.044839417  -0.0074688416   0.0054543242     0.99815188
33192              1     -1.9943962    0.044704471   -0.021089419   0.0054094836     0.99816221
33655              1     -1.9944733    0.044091165   -0.034556529   0.0053352473     0.99818749
34124              1     -1.9944321    0.044419423   -0.021802837   0.0053202851      0.9981831
34600              1     -1.9942775    0.045649357   -0.021445087   0.0055350162     0.99812139
35082              1     -1.9943561    0.045023944   -0.034889687   0.0054591606      0.9981472
35571              1     -1.9943212    0.045301272   -0.025905935   0.0055242392      0.9981305
36067              1     -1.9943993     0.04468003   -0.011797488   0.0054484585     0.99815621
36570              1     -1.9944217    0.044502272    0.002105551   0.0054008476      0.9981679
37079              1     -1.9942285    0.046038448  -0.0030205777   0.0055414493     0.99811214
37596              1     -1.9943079    0.045407159   -0.016730503   0.0054654396      0.9981381
38120              1     -1.9943861    0.044784747    -0.03024659   0.0053904993     0.99816369
38652              1     -1.9944634    0.044170048   -0.043594122   0.0053164884     0.99818897
39191              1     -1.9944375    0.044376247   -0.055089179   0.0052942128     0.99818836
39737              1     -1.9945139    0.043768179   -0.040591892   0.0052216464     0.99821325
40291              1     -1.9944901    0.043957886    -0.02653198   0.0051993086       0.998213
40852              1     -1.9943699    0.044913843   -0.032801332   0.0052252967     0.99818858
41422              1     -1.9943991    0.044681628   -0.031842982   0.0052497902     0.99818937
41999              1     -1.9944761    0.044069473   -0.017667087   0.0051778441     0.99821424
42585              1     -1.9945521    0.043464702  -0.0036632617   0.0051067663     0.99823882
43178              1     -1.9945343    0.043606474  -0.0090092177   0.0052214262     0.99821668
43780              1     -1.9946094    0.043008481   0.0048652353   0.0051498011     0.99824121
44390              1     -1.9945033    0.043853012    0.016107231   0.0053035209     0.99819779
45009              1     -1.9944456     0.04431215    0.029571863   0.0053634258     0.99817814
45637              1     -1.9944343    0.044401369    0.017595372   0.0054644599     0.99815939
46273              1     -1.9945108    0.043792774   0.0036090161   0.0053895372     0.99818469
46918              1     -1.9945863    0.043192371   -0.010187988   0.0053156239     0.99820964
47572              1     -1.9945766    0.043269215   -0.023711427   0.0052844635     0.99821323
48235              1     -1.9946512    0.042676066  -0.0096403027   0.0052120006     0.99823779
48907              1     -1.9946429    0.042742056    0.004191629   0.0051811621     0.99824156
49589              1     -1.9946359    0.042797649    0.017856783   0.0052104786      0.9982355
50280              1     -1.9946698    0.042527567    0.021599045   0.0051587894      0.9982498
50981              1     -1.9945078    0.043817279    0.032257115   0.0053809982      0.9981856
51692              1     -1.9945833    0.043216229     0.04556798   0.0053071637     0.99821055
52412              1     -1.9946577    0.042624144     0.05867931   0.0052344311     0.99823514
53143              1     -1.9946936    0.042338866    0.071618087   0.0051812845        0.99825
53884              1     -1.9946923    0.042348898    0.057289734   0.0052581479     0.99823695
54635              1     -1.9946554    0.042642218    0.059430768   0.0052953443     0.99822458
55397              1     -1.9946206    0.042919072    0.051690525   0.0053844999     0.99820387
56169              1     -1.9946946    0.042330751    0.064724314    0.005310669     0.99822856
56952              1     -1.9946271    0.042868091    0.073983354    0.005412665     0.99820024
57746              1     -1.9947009    0.042280226    0.086715963   0.0053384173     0.99822499
58551              1     -1.9947738    0.041700451    0.099272429   0.0052651919     0.99824939
59367              1     -1.9946098    0.043005383     0.11031381   0.0053100703      0.9982145
60194              1     -1.9944513    0.044266653     0.09844835    0.005501898     0.99815596
61033              1     -1.9945276    0.043659804     0.11084168   0.0054264497     0.99818131
61884              1     -1.9944412    0.044346699     0.11760714   0.0054805762     0.99815784
62747              1     -1.9944539    0.044245619     0.12972732   0.0054370238     0.99816724
63621              1     -1.9943729    0.044889927     0.12888826    0.005487568     0.99814527
64508              1     -1.9943263    0.045260955     0.12597662   0.0056130189     0.99811651
65408              1     -1.9943738    0.044883167     0.13798771    0.005596904     0.99812714
66319              1     -1.9944209    0.044508255     0.14981378   0.0055803023     0.99813779
67244              1     -1.9944977    0.043897694     0.16150883   0.0055037285      0.9981634
68181              1     -1.9945146    0.043762835     0.17301008   0.0055012881     0.99816664
69132              1     -1.9945322    0.043622818     0.18435746   0.0054545132      0.9981774
70095              1     -1.9945788    0.043252154     0.19555603     0.00539392     0.99819531
71072              1     -1.9946533    0.042659177     0.20661442   0.0053199485     0.99822011
72063              1     -1.9946436    0.042736629     0.19689716   0.0053713599      0.9982099
73068              1     -1.9947172    0.042150373     0.18043466   0.0052976544     0.99823452
74086              1     -1.9947358    0.042002375     0.16422806   0.0052518363     0.99824528
75119              1     -1.9948082    0.041426282     0.14821816   0.0051797827     0.99826941
76166              1     -1.9948796    0.040858286     0.13243442   0.0051087423      0.9982932
77228              1       -1.99495    0.040297846     0.11686176   0.0050386475     0.99831667
78304              1     -1.9949939    0.039948794     0.11666709   0.0049822492     0.99833342
79396              1     -1.9949368    0.040403274     0.12768275   0.0050895336     0.99830596
80502              1     -1.9950063    0.039849571     0.13966734   0.0050197651     0.99832923
81625              1      -1.994879    0.040862943     0.13941194    0.005121548     0.99829096
82762              1     -1.9949494    0.040302981     0.12375849   0.0050513455     0.99831444
83916              1     -1.9949235    0.040508957      0.1083524   0.0050293818     0.99831379
85086              1     -1.9949933    0.039953325    0.093111675   0.0049603781     0.99833698
86272              1     -1.9950621    0.039405437    0.078084431   0.0048923367     0.99835984
87474              1     -1.9950614    0.039411323    0.083830624   0.0049277704      0.9983538
88694              1     -1.9950842    0.039229563    0.096421404   0.0048825377     0.99836517
89930              1     -1.9951295    0.038868753     0.10883465   0.0048266248     0.99838207
91184              1     -1.9951527    0.038684746    0.098350588   0.0048150122     0.99838788
92455              1     -1.9951977     0.03832644     0.10152507   0.0047597072     0.99840463
93744              1     -1.9952424    0.037970562     0.11387395   0.0047049984     0.99842123
95050              1     -1.9952025    0.038287737     0.11322462   0.0048502354     0.99839032
96375              1      -1.995227    0.038093049      0.1076524   0.0048043131     0.99840208
97719              1     -1.9952926    0.037570364      0.1199255   0.0047383745     0.99842405
99081              1     -1.9953573    0.037055111     0.13202329   0.0046733739     0.99844572
100462              1     -1.9953614    0.037022493        0.14394   0.0046389405     0.99845215
101862              1      -1.995327    0.037296564      0.1556714   0.0046828773     0.99843906
103282              1     -1.9953138     0.03740175     0.14788637   0.0047150868     0.99843148
104722              1     -1.9952827    0.037649001     0.13939287   0.0047550065     0.99841963
106182              1     -1.9953099    0.037432497     0.12373566   0.0047084786     0.99843194
107662              1     -1.9953187    0.037362881     0.11158998   0.0046715776     0.99843956
109163              1     -1.9953098    0.037433878     0.11160375   0.0046987398     0.99843354
110684              1     -1.9953742    0.036920661     0.12381193   0.0046343036     0.99845506
112227              1     -1.9952952    0.037549463     0.13311413    0.004641561     0.99844066
113792              1     -1.9953424    0.037174194     0.14502338   0.0045865906     0.99845771
115378              1     -1.9953371      0.0372165     0.14391825   0.0045840763     0.99845724
116986              1     -1.9953841    0.036842268      0.1281991   0.0045296921     0.99847418
118617              1     -1.9954475    0.036336838     0.11268621   0.0044675345     0.99849516
120270              1     -1.9955101    0.035838545    0.097393365   0.0044062552     0.99851584
121947              1     -1.9955718    0.035346792    0.082302148   0.0043457804     0.99853625
123647              1     -1.9956004    0.035119545    0.071991233   0.0043022287     0.99854829
125370              1     -1.9956289    0.034892069    0.084737178   0.0042590772     0.99856026
127118              1     -1.9956261    0.034914587    0.071091427   0.0042554651     0.99856039
128890              1     -1.9956087    0.035053596    0.082845838   0.0042588745     0.99855691
130687              1     -1.9955619    0.035425893    0.074628693   0.0042765927     0.99854614
132508              1     -1.9955776    0.035300766    0.078923537   0.0042630422     0.99855103
134355              1     -1.9955044    0.035883583    0.066748539   0.0043380062     0.99852629
136228              1     -1.9955663    0.035391315    0.052081804   0.0042784807     0.99854655
138127              1     -1.9954824    0.036059019    0.048835492   0.0043567799     0.99851948
140053              1      -1.995516    0.035791708    0.035925685   0.0043111813      0.9985327
142005              1     -1.9955213    0.035749489    0.039322559   0.0043432949     0.99852822
143984              1     -1.9954856    0.036033605    0.035858151   0.0043528421     0.99852067
145991              1     -1.9955203    0.035757554    0.021624621   0.0043067397     0.99853416
148026              1     -1.9955819    0.035267062   0.0075797495    0.004247649     0.99855431
150090              1     -1.9956293    0.034889275  -0.0062662403   0.0041959744     0.99857086
152182              1     -1.9956631    0.034620064   -0.015428894   0.0041711482     0.99858065
154303              1     -1.9956579    0.034661433   -0.013599865   0.0041461435     0.99858395
156454              1      -1.995692    0.034389569 -0.00037391182   0.0041019609     0.99859703
158635              1      -1.995726    0.034118631    0.012900684   0.0040582093     0.99861002
160846              1     -1.9957102    0.034244931    0.017072231   0.0040582433     0.99860736
163089              1     -1.9957079     0.03426339    0.012992906   0.0040881054     0.99860199
165362              1     -1.9957669    0.033793418 -0.00093129014   0.0040320179     0.99862121
167667              1     -1.9958012    0.033519871   -0.013473134   0.0040242742     0.99862823
170004              1     -1.9958119    0.033434932  0.00043528388   0.0040276855     0.99862944
172374              1      -1.995765    0.033808079    0.012310441   0.0041111964     0.99860768
174777              1     -1.9957889     0.03361771  -0.0015991807   0.0040718471     0.99861824
177213              1     -1.9958017    0.033516197  -0.0072173035   0.0040553242     0.99862313
179683              1     -1.9958594    0.033056424   -0.020864523   0.0039996808     0.99864205
182188              1     -1.9959053    0.032690306   -0.034324434   0.0039502465     0.99865798
184728              1      -1.995875    0.032931808   -0.034415465   0.0040039476     0.99864395
187303              1     -1.9959317    0.032479992   -0.020194551    0.003949002     0.99866259
189914              1     -1.9959455    0.032369979  -0.0091067536   0.0039472946     0.99866519
192561              1     -1.9959701    0.032174174   0.0027082327   0.0039241796     0.99867315
195245              1      -1.996005    0.031896006  0.00049425081   0.0038805199     0.99868627
197967              1     -1.9960599    0.031458309   -0.013262311   0.0038272573     0.99870433
200726              1     -1.9960842    0.031264952   -0.011929197   0.0038045315     0.99871217
203524              1     -1.9960496     0.03154073  -0.0023117667   0.0038404563      0.9987004
206361              1     -1.9960651    0.031416884  -0.0064425933    0.003807034     0.99870857
209238              1     -1.9961001    0.031138086   -0.020099122   0.0037642878     0.99872155
212155              1     -1.9961349    0.030861033   -0.030480074   0.0037502327      0.9987297
215112              1     -1.9961601    0.030659903   -0.026409498   0.0037404899     0.99873554
218110              1     -1.9962129    0.030239271   -0.039791848   0.0036891623     0.99875292
221151              1     -1.9962017    0.030328769   -0.046070332   0.0037241847      0.9987452
224233              1     -1.9961112    0.031050005   -0.032629006    0.003770791     0.99872231
227359              1     -1.9961207    0.030974423   -0.018453195   0.0037540871     0.99872668
230528              1     -1.9961219    0.030964274  -0.0093177401   0.0037674391     0.99872467
233742              1     -1.9961068    0.031084824  -0.0037947823   0.0038010278     0.99871653
237000              1     -1.9960422     0.03159979   0.0075063291   0.0038834517     0.99869198
240304              1     -1.9960883    0.031232489    0.021150293   0.0038342899     0.99870789
243654              1     -1.9960846    0.031261785    0.017122641     0.00385941     0.99870308
247050              1     -1.9960575       0.031478    0.013914187   0.0038830845      0.9986946
250494              1     -1.9960318    0.031682286  7.9842232e-06   0.0039292799      0.9986826
253985              1     -1.9959998    0.031937882   0.0029824596   0.0039656125     0.99867118
257526              1     -1.9960392     0.03162337  -0.0081428671   0.0039305352     0.99868363
261116              1     -1.9960554    0.031494616   0.0014648662   0.0039185764     0.99868832
264755              1     -1.9960341    0.031664532   0.0025872977   0.0039363177      0.9986818
268446              1     -1.9960662    0.031408119    -0.01118847   0.0039157186     0.99869061
272188              1     -1.9960101    0.031855438   -0.016179993   0.0039828141     0.99867004
275982              1      -1.995949    0.032342269    -0.01191382   0.0040292276     0.99865209
279829              1     -1.9959475    0.032354109  -0.0083711838   0.0040344745     0.99865096
283730              1     -1.9959821    0.032078661  -0.0040831072    0.004021284     0.99865894
287685              1     -1.9959956    0.031970898   0.0097015833   0.0040180721     0.99866173
291695              1     -1.9959547    0.032297112    0.014369461   0.0040825349     0.99864413
295761              1     -1.9959494    0.032338914   0.0086556375   0.0040770259     0.99864418
299884              1     -1.9959251    0.032532852  0.00089701351    0.004120786      0.9986328
304064              1     -1.9959219    0.032558187   0.0018285624   0.0041429188     0.99862858
308303              1     -1.9959261    0.032524927   0.0034819642   0.0041410042     0.99862959
312600              1     -1.9959117    0.032639477   0.0021833013   0.0041287604     0.99862924
316958              1     -1.9959174    0.032593809   0.0092882969   0.0041066447     0.99863389
321376              1     -1.9959238    0.032543316 -0.00060832172   0.0040843674     0.99863867
325856              1     -1.9958878    0.032830325    0.011646249   0.0041108566     0.99862823
330398              1     -1.9958716    0.032958661    0.022153584   0.0040996317     0.99862741
335004              1      -1.995815     0.03341014    0.020469905    0.004144466     0.99861046
339673              1     -1.9958195    0.033374024    0.029391503   0.0041403999      0.9986119
344408              1     -1.9958596    0.033054932    0.019176384   0.0041009387     0.99862518
349209              1     -1.9958363     0.03324022    0.024243361   0.0041102573     0.99861974
354077              1     -1.9957919    0.033594161      0.0212595   0.0041636072     0.99860341
359013              1     -1.9957996    0.033532666    0.011350564   0.0041480798     0.99860729
364017              1     -1.9958463    0.033160206 -0.00087907982    0.004096627     0.99862369
369091              1     -1.9958438    0.033180158   0.0096100962    0.004094392     0.99862365
374236              1     -1.9958796    0.032895246  -0.0017408801   0.0040568371     0.99863589
379453              1     -1.9958941    0.032779849  -0.0070917874   0.0040300225     0.99864278
384742              1     -1.9959297    0.032495812 -0.00078884031   0.0040084133     0.99865234
390105              1     -1.9959396    0.032417613   -0.008040143   0.0040147357     0.99865293
395543              1       -1.99596     0.03225484   -0.011480421   0.0039923835     0.99866007
401057              1     -1.9959706    0.032169877   -0.017898952   0.0039748464     0.99866478
406647              1     -1.9959719    0.032159608   -0.020501811    0.003976667     0.99866469
412316              1     -1.9959934    0.031988873   -0.021904316   0.0039535016     0.99867213
418063              1     -1.9959815     0.03208367   -0.021771838   0.0039683769     0.99866766
423891              1     -1.9959659    0.032207353   -0.015324694   0.0039844354     0.99866239
429800              1     -1.9959935    0.031987909   -0.019092601   0.0039436395      0.9986738
435791              1     -1.9959797    0.032097556  -0.0094850513   0.0039375027     0.99867253
441865              1     -1.9959807    0.032089997   -0.011677775   0.0039308191      0.9986738
448025              1     -1.9959913     0.03200536   -0.010924614    0.003932493      0.9986753
454270              1     -1.9959936    0.031987217   -0.013859599   0.0039509505      0.9986726
460602              1     -1.9959314    0.032482494   -0.026631452   0.0040200555     0.99865068
467023              1     -1.9959231    0.032548612   -0.022903583   0.0040545385     0.99864354
473533              1     -1.9959496     0.03233761   -0.027621095   0.0040325727     0.99865163
480134              1     -1.9959761    0.032126247   -0.028987741   0.0040042062     0.99866079
486827              1     -1.9959452    0.032372862   -0.023094446   0.0040352186     0.99865044
493613              1     -1.9959644    0.032219258   -0.024104916   0.0040222453     0.99865583
500493              1       -1.99594     0.03241404    -0.02300232   0.0040426987     0.99864833
507470              1      -1.995917    0.032597316   -0.029204682   0.0040736237     0.99863933
514544              1     -1.9959382    0.032428797   -0.040391104   0.0040583961      0.9986454
521716              1     -1.9959403    0.032411516   -0.044980411   0.0040638348     0.99864486
528989              1     -1.9959394    0.032418654   -0.047696644   0.0040645697     0.99864458
536363              1     -1.9959691    0.032181827   -0.056637949   0.0040441027     0.99865296
543839              1      -1.995951    0.032326362   -0.065183814   0.0040472125     0.99864942
551420              1      -1.995945    0.032374111   -0.060934496    0.004060349     0.99864622
559107              1     -1.9959435    0.032385929   -0.052494424   0.0040705794     0.99864427
566900              1     -1.9959005    0.032728684   -0.049493738   0.0041272344     0.99862762
574803              1      -1.995929    0.032501389   -0.055290247   0.0040948526     0.99863779
582815              1     -1.9959129    0.032629665   -0.053516124   0.0041412927     0.99862735
590939              1     -1.9959048    0.032694337   -0.051046724   0.0041468434     0.99862507
599176              1     -1.9959378    0.032431957   -0.061395984   0.0041115531     0.99863646
607529              1     -1.9959311    0.032485307   -0.058404619   0.0041256611     0.99863299
615997              1     -1.9959383    0.032427675   -0.067073379   0.0041224344     0.99863473
624584              1     -1.9959589    0.032263396    -0.06256084   0.0041025534      0.9986415
633290              1     -1.9959734    0.032147877   -0.072342845   0.0040950437     0.99864517
642118              1     -1.9959602    0.032252769   -0.075373997   0.0040822481     0.99864511
651069              1     -1.9959851    0.032055005   -0.084331307   0.0040552999     0.99865375
660144              1     -1.9959645    0.032218725   -0.096084339    0.004069072     0.99864802
669346              1     -1.9959841    0.032062374   -0.089355879   0.0040444844      0.9986554
678677              1     -1.9959775    0.032115534   -0.087392088   0.0040329904     0.99865621
688137              1     -1.9959921    0.031999129   -0.083063402   0.0040239932     0.99866015
697729              1     -1.9959669    0.032199613   -0.078717525    0.004047315     0.99865206
707455              1     -1.9959856    0.032050656   -0.077419765   0.0040269811     0.99865857
717317              1     -1.9960269    0.031721967    -0.08577937   0.0039828223     0.99867283
727316              1      -1.996021    0.031768776    -0.08037428   0.0040200133     0.99866564
737454              1      -1.996035     0.03165706   -0.077920114   0.0040135043     0.99866907
747734              1     -1.9960066    0.031883401   -0.079746273   0.0040637404     0.99865594
758157              1     -1.9960457    0.031572062   -0.073373985   0.0040158428     0.99867046
768725              1     -1.9960298    0.031698633   -0.066439884   0.0040151469     0.99866792
779441              1     -1.9960151    0.031815739   -0.065722742    0.004013709     0.99866571
790306              1     -1.9960015    0.031923659   -0.057313876   0.0040229226     0.99866191
801323              1     -1.9959717    0.032161795   -0.056366159    0.004069708     0.99864911
812493              1     -1.9959458    0.032367764   -0.061096526   0.0041169112     0.99863691
823818              1     -1.9958826    0.032871502   -0.061826156    0.004174096     0.99861681
835302              1     -1.9958889      0.0328211   -0.064042706   0.0041776648     0.99861727
846945              1     -1.9958888    0.032822366   -0.053616823    0.004173269     0.99861797
858751              1     -1.9958661    0.033002929   -0.049376362   0.0042216266     0.99860612
870722              1     -1.9958816    0.032879525   -0.035900666   0.0042083233     0.99861092
882859              1     -1.9958884    0.032825512   -0.033469671   0.0042126659     0.99861133
895166              1     -1.9958779    0.032909156   -0.029392872   0.0042249785     0.99860752
907644              1     -1.9958816    0.032878995   -0.017770183   0.0042097919     0.99861069
920296              1     -1.9958926    0.032791511   -0.023047476    0.004200745     0.99861403
933125              1     -1.9959062    0.032683132   -0.030866175   0.0041868749     0.99861862
946132              1     -1.9958991    0.032739992   -0.032301518   0.0042020978     0.99861489
959320              1     -1.9959138    0.032623033   -0.041999541   0.0041870187     0.99861986
972693              1     -1.9959412     0.03240478   -0.050528276   0.0041654216     0.99862804
986252              1     -1.9959321    0.032477215    -0.04533679   0.0041648169     0.99862662
1000000              1       -1.99591    0.032653088      -0.042526   0.0041823824        0.99862
