# Contents: 
# Columns: MCcycles  -  T  -  Eaverage/part.  -  C_V  -  M/part  -  Xsi  -  abs(M)_average/part  -  N_accepted
# Initial state = Uniform
1000            2.4       -1.20125      1.3592595        0.37306      7.1982764        0.41446         112138
1097            2.4      -1.202206      1.3444154     0.38749772      7.0574124     0.42523701         122798
1204            2.4     -1.2151329       1.441392     0.41250831       7.366505     0.44689369         132707
1321            2.4     -1.2297805      1.5723797      0.4381567      7.7435642     0.46949659         142815
1450            2.4     -1.2361448      1.6221623     0.45485172      7.8150206     0.48340345         155393
1592            2.4     -1.2292337      1.5809894     0.39447236      8.1220929     0.46489322         172394
1747            2.4     -1.2376989      1.6361282     0.30374356      8.0379145     0.47937607         187184
1917            2.4     -1.2423891      1.5925295     0.22527908      7.7235004     0.48839332         204080
2104            2.4     -1.2448812      1.5718925      0.1579539      7.4456714      0.4922885         223163
2310            2.4     -1.2388225      1.5432539     0.13358442      7.6779949     0.47874459         247134
2535            2.4     -1.2388363      1.5027851      0.1292998       7.603181     0.47834517         271024
2782            2.4     -1.2440798      1.4957164     0.16561467      7.5055433     0.48367002         295389
3053            2.4     -1.2421389      1.5153204     0.12811988      7.7391252     0.47795611         325340
3351            2.4     -1.2341152      1.4964428      0.1242823      8.2454683     0.45685169         361206
3678            2.4     -1.2309326      1.4557636      0.1255696      8.0407296     0.45325856         398135
4037            2.4     -1.2305128      1.4756908    0.086953183      7.9815866     0.45324498         437331
4430            2.4     -1.2321445      1.4566314    0.031525959      7.7276114     0.46074944         478819
4862            2.4     -1.2393233      1.4852095   -0.025083299      7.7453209     0.47361888         520397
5336            2.4     -1.2394172      1.4900608   -0.063329273       8.033225     0.47360101         571496
5857            2.4     -1.2422708      1.4642877  -0.0071120027      7.7969126     0.48205651         624798
6428            2.4     -1.2457981      1.4938637     0.03884023      7.9221736     0.48456207         682782
7054            2.4     -1.2408959      1.4844782    0.057473774      8.2512177     0.46952935         754859
7742            2.4     -1.2438336      1.4616308     0.04913007       8.189384     0.47467644         824911
8497            2.4     -1.2426115      1.4506995    0.058428269      8.0390284     0.47414205         907068
9326            2.4     -1.2413339      1.4543645    0.091021874      8.2330817     0.47058868         997474
10235            2.4      -1.237277       1.434229     0.10653786      8.3573096     0.46164778        1101114
11233            2.4     -1.2366394      1.4527127     0.13500445      8.4613085     0.46059334        1209597
12328            2.4     -1.2350835      1.4336364     0.13375122      8.4922591     0.45661867        1330290
13530            2.4     -1.2334427      1.4533497     0.15412823      8.5804557     0.45303806        1463636
14849            2.4     -1.2302148      1.4447401     0.16153445      8.6798862     0.44477305        1613541
16297            2.4     -1.2314174      1.4502774     0.16441247       8.685264     0.44643247        1768360
17886            2.4     -1.2350554      1.4447694     0.13900117      8.5211985     0.45625545        1930436
19630            2.4     -1.2319317      1.4327261     0.14227738      8.5443099     0.45001961        2127110
21544            2.4     -1.2328286      1.4341013     0.10348519      8.5183832     0.45190935        2331827
23644            2.4     -1.2339976       1.430015    0.053713839      8.4983146     0.45422517        2554553
25950            2.4     -1.2361418      1.4350699     0.06177553      8.4377886     0.45909306        2796057
28480            2.4     -1.2360818      1.4185892    0.062795471      8.3432486     0.45893416        3069171
31257            2.4     -1.2356435      1.4298803    0.036394088      8.3236812     0.45971302        3370559
34304            2.4     -1.2361284      1.4344746    0.030667706      8.4344368     0.45907431        3697477
37649            2.4     -1.2347441      1.4167131    0.054330792      8.4891213     0.45527796        4065757
41320            2.4     -1.2345963      1.4068272    0.023161907      8.5655542     0.45296128        4462900
45348            2.4     -1.2357817      1.4046166    0.028151297      8.5375963     0.45559374        4890043
49770            2.4     -1.2370398      1.4072734    0.051227245      8.5611132      0.4571967        5358233
54622            2.4     -1.2356311      1.4066414    0.035899729      8.6215176     0.45338957        5892772
59948            2.4     -1.2353156      1.4121346    0.029791152      8.6470478     0.45268066        6470145
65793            2.4     -1.2348777      1.4104642    0.021806879      8.6603296     0.45197544        7105384
72208            2.4     -1.2363406      1.4279431    0.039144208      8.6948814     0.45516889        7782730
79248            2.4     -1.2360138       1.425419    0.026472529      8.6735674      0.4548181        8546322
86974            2.4     -1.2371489      1.4285063    0.022706613       8.695584     0.45677898        9364752
95454            2.4     -1.2378121      1.4287419    0.038193999      8.6925504     0.45772749       10269671
104761            2.4     -1.2381184      1.4282972    0.042329302      8.6631975     0.45825994       11267286
114975            2.4     -1.2376531      1.4206682    0.036158252      8.7157814     0.45669567       12374519
126185            2.4     -1.2372872      1.4143038    0.032162539      8.6586306     0.45591655       13588565
138488            2.4     -1.2382477      1.4220974    0.033236165      8.7206701     0.45733659       14891183
151991            2.4     -1.2382217      1.4216148    0.019343349       8.802029     0.45638146       16343334
166810            2.4     -1.2385442       1.427193    0.014557011      8.7733817     0.45781719       17925899
183073            2.4     -1.2389758      1.4255542    0.016911587      8.7544034     0.45888686       19661899
200923            2.4      -1.239844      1.4304168    0.011676612      8.7444513     0.46099984       21554222
220513            2.4     -1.2385812      1.4248556   0.0027447135      8.7906412     0.45765336       23698306
242012            2.4     -1.2381027       1.422447  -0.0028079186      8.8254382     0.45654798       26027358
265608            2.4     -1.2383483      1.4249671  -0.0024327016      8.8331786     0.45731776       28553146
291505            2.4     -1.2383116      1.4251696   -0.010135418      8.8120832      0.4572744       31340793
319926            2.4     -1.2383053       1.424426  -0.0049172934      8.8155244     0.45681517       34396627
351119            2.4     -1.2381657      1.4254513   -0.015231645      8.8476449     0.45640974       37759446
385352            2.4     -1.2380422      1.4246448   -0.010666806      8.8491643     0.45628606       41445057
422924            2.4     -1.2381879      1.4233568   -0.016645922      8.8375997     0.45657276       45478132
464158            2.4     -1.2374135      1.4233229   -0.017241123      8.8930517     0.45445948       49957775
509413            2.4     -1.2369632      1.4235924   -0.014269385      8.8796536     0.45395589       54863355
559081            2.4     -1.2366466      1.4229665   -0.014978652      8.8894812      0.4532689       60236991
613590            2.4     -1.2364218       1.422219  -0.0095024365      8.8855654     0.45318565       66128135
673415            2.4     -1.2362452      1.4220264  -0.0037097035      8.8910855     0.45262547       72595726
739072            2.4     -1.2368843      1.4214852  0.00073225613      8.8853628     0.45388198       79601184
811130            2.4     -1.2368055       1.420466   0.0037845721      8.8730135     0.45374877       87374036
890215            2.4     -1.2357407      1.4185394   0.0083769258      8.8869327     0.45157996       96039765
977009            2.4     -1.2358818      1.4185139    0.002500412      8.8805179     0.45195051      105386987
1072267            2.4     -1.2356103      1.4158731   0.0044908777      8.8858649     0.45140625      115708993
1176811            2.4     -1.2356525      1.4132518   0.0062434877       8.875771     0.45142044      126983508
1291549            2.4     -1.2355141      1.4111642   0.0050720491       8.865369     0.45115092      139392207
1417474            2.4     -1.2355439      1.4105204  0.00049345526      8.8600506     0.45107178      152984609
1555676            2.4     -1.2353759      1.4081103  -0.0011977976       8.853515     0.45076946      167944309
1707352            2.4     -1.2357061      1.4068581   0.0013930666      8.8431369     0.45146747      184229405
1873817            2.4     -1.2358907      1.4073397  -0.0024146702      8.8441745     0.45181207      202150589
2056512            2.4     -1.2363373      1.4068148  -0.0048747612      8.8376471     0.45276871      221724595
2257019            2.4     -1.2361759      1.4058034  -0.0067882902      8.8356234     0.45242493      243404304
2477076            2.4     -1.2364065      1.4063308  -0.0053488589      8.8367693     0.45281572      267058934
2718588            2.4     -1.2364244      1.4058391  -0.0042073146      8.8286902     0.45286433      293090813
2983647            2.4     -1.2361932      1.4060217  -0.0036940714      8.8362866     0.45240888      321768042
3274549            2.4     -1.2362999      1.4061296   -0.005454884      8.8251957     0.45281897      353092190
3593813            2.4     -1.2365352      1.4064574  -0.0084685736      8.8125615      0.4535699      387383288
3944206            2.4     -1.2368514      1.4079485  -0.0086050488      8.8047819     0.45428552      424970989
4328761            2.4     -1.2368381      1.4082598   -0.009864296      8.8062558      0.4542541      466403745
4750810            2.4     -1.2365852      1.4094076   -0.012306785      8.8325268     0.45343885      512054772
5214008            2.4     -1.2366564      1.4105602   -0.011077581      8.8329195     0.45365248      561928218
5722367            2.4     -1.2366868       1.409453  -0.0089131307      8.8259996     0.45374133      616696311
6280291            2.4     -1.2365409      1.4092858    -0.00761628       8.829018     0.45336948      676969071
6892612            2.4      -1.236472      1.4089687  -0.0063979432       8.835365     0.45315278      743050285
7564633            2.4     -1.2366757      1.4099424  -0.0050295209      8.8361604     0.45361905      815270864
8302175            2.4     -1.2368092      1.4106369  -0.0074787053      8.8423058     0.45371499      894609256
9111627            2.4     -1.2368768      1.4102532  -0.0077970235      8.8365507     0.45380446      981737398
10000000            2.4     -1.2367755      1.4089864   -0.007200154      8.8361436     0.45356684     1077613224
