1000              1       -1.93482       5.891027       -0.85796      29.405495        0.85796
1097              1     -1.9404558        5.50205    -0.87048769      27.452621     0.87048769
1204              1     -1.9454817      5.1184786    -0.88193106      25.550028     0.88193106
1321              1      -1.949788      4.7449934    -0.89225587       23.72611     0.89225587
1450              1     -1.9539931       4.397291    -0.90177586      21.986663     0.90177586
1592              1     -1.9577261       4.064967     -0.9104397      20.332347      0.9104397
1747              1     -1.9611792      3.7552767    -0.91831139      18.783084     0.91831139
1917              1     -1.9644757      3.4680017    -0.92551904      17.331009     0.92551904
2104              1     -1.9673384      3.1954934    -0.93206511      15.966502     0.93206511
2310              1      -1.970026      2.9418872     -0.9380671      14.689938      0.9380671
2535              1     -1.9723984      2.7062118    -0.94348915      13.506992     0.94348915
2782              1     -1.9745004      2.4871971    -0.94841301      12.407551     0.94841301
3053              1     -1.9765542      2.2854308    -0.95293973      11.390441     0.95293973
3351              1      -1.978299      2.0971297     -0.9570382      10.446503      0.9570382
3678              1     -1.9799021      1.9241288    -0.96077624       9.575194     0.96077624
4037              1      -1.981464      1.7647806    -0.96420733      8.7720548     0.96420733
4430              1     -1.9828533      1.6184681     -0.9673149      8.0337143      0.9673149
4862              1     -1.9840765      1.4832582    -0.97014192      7.3528508     0.97014192
5336              1     -1.9851649      1.3590146     -0.9727099      6.7269352      0.9727099
5857              1     -1.9861636        1.24463    -0.97505634      6.1512639     0.97505634
6428              1     -1.9871469      1.1400668    -0.97720986      5.6240065     0.97720986
7054              1     -1.9880763      1.0442186    -0.97917919      5.1409525     0.97917919
7742              1     -1.9889047      0.9559448    -0.98097133      4.6973777     0.98097133
8497              1     -1.9896834     0.87525707    -0.98260916      4.2911171     0.98260916
9326              1     -1.9903185     0.80131049    -0.98408321      3.9187288     0.98408321
10235              1     -1.9909184     0.73358346    -0.98543087      3.5782785     0.98543087
11233              1     -1.9914644     0.67174967    -0.98665851      3.2666911     0.98665851
12328              1     -1.9919646      0.6151725    -0.98777823      2.9818152     0.98777823
13530              1     -1.9924331     0.56344426    -0.98880044      2.7213431     0.98880044
14849              1     -1.9928514     0.51602325    -0.98973096      2.4832905     0.98973096
16297              1     -1.9932264     0.47298418     -0.9905771       2.265736      0.9905771
17886              1     -1.9935497     0.43368287    -0.99134211      2.0670112     0.99134211
19630              1     -1.9938288     0.39792613    -0.99203693      1.8855105     0.99203693
21544              1     -1.9941004      0.3650755    -0.99267406      1.7198096     0.99267406
23644              1     -1.9943876        0.33502    -0.99326404      1.5686292     0.99326404
25950              1     -1.9946096      0.3077271    -0.99379268      1.4305291     0.99379268
28480              1     -1.9948121     0.28272184    -0.99427423      1.3045407     0.99427423
31257              1     -1.9950114     0.25993564    -0.99471622      1.1895855     0.99471622
34304              1     -1.9952035     0.23910657    -0.99512127      1.0847382     0.99512127
37649              1     -1.9953653     0.22011315     -0.9954874     0.98905529      0.9954874
41320              1     -1.9955549     0.20242086    -0.99583168     0.90178504     0.99583168
45348              1     -1.9956847     0.18664938    -0.99613445     0.82220573     0.99613445
49770              1     -1.9958377     0.17209828    -0.99641933     0.74961413     0.99641933
54622              1     -1.9959564       0.158941    -0.99667368     0.68342859     0.99667368
59948              1     -1.9960618     0.14693214    -0.99690498     0.62306433     0.99690498
65793              1     -1.9961543     0.13601667    -0.99711451     0.56803112     0.99711451
72208              1     -1.9962362     0.12603513    -0.99730418     0.51785692     0.99730418
79248              1     -1.9963199     0.11690156    -0.99747987     0.47211497     0.99747987
86974              1     -1.9963897     0.10860705    -0.99763832     0.43041678     0.99763832
95454              1     -1.9964559     0.10110682    -0.99778307     0.39240991     0.99778307
104761              1     -1.9965194    0.094221983    -0.99791602     0.35775957     0.99791602
114975              1     -1.9965863    0.087825205    -0.99803953      0.3261696     0.99803953
126185              1     -1.9966151    0.082327547     -0.9981434     0.29739421      0.9981434
138488              1     -1.9966609    0.077125386    -0.99824331     0.27115572     0.99824331
151991              1     -1.9966989     0.07237928    -0.99833339     0.24723998     0.99833339
166810              1     -1.9967426    0.068031129    -0.99841763     0.22544548     0.99841763
183073              1     -1.9967842    0.063983328    -0.99849508     0.20557522     0.99849508
200923              1     -1.9968226    0.060356776    -0.99856589     0.18746842     0.99856589
220513              1     -1.9968538    0.057084023    -0.99862926     0.17097078     0.99862926
242012              1     -1.9968778    0.054146359    -0.99868579     0.15593926     0.99868579
265608              1     -1.9969118    0.051348706    -0.99874055     0.14223245     0.99874055
291505              1     -1.9969297     0.04889706    -0.99878707     0.12974634     0.99878707
319926              1     -1.9969433    0.046708581    -0.99882876     0.11837147     0.99882876
351119              1     -1.9969684    0.044610426    -0.99887018     0.10799866     0.99887018
385352              1     -1.9969842    0.042710365    -0.99890597    0.098547147     0.99890597
422924              1     -1.9970064    0.040942485    -0.99894052    0.089933196     0.99894052
464158              1     -1.9970237    0.039336676    -0.99897116    0.082084382     0.99897116
509413              1     -1.9970456    0.037822622    -0.99900089    0.074927136     0.99900089
559081              1      -1.997058    0.036502769    -0.99902582    0.068410547     0.99902582
613590              1     -1.9970733    0.035279045    -0.99904959    0.062471146     0.99904959
673415              1     -1.9970777    0.034253607    -0.99906869    0.057065802     0.99906869
739072              1     -1.9970842    0.033303518    -0.99908688     0.05213791     0.99908688
811130              1     -1.9970892    0.032451026     -0.9991032    0.047649091      0.9991032
890215              1     -1.9970949    0.031670296    -0.99911841    0.043558218     0.99911841
977009              1     -1.9970964     0.03098051    -0.99913128     0.03983174     0.99913128
1072267              1     -1.9971045    0.030275028    -0.99914475    0.036430957     0.99914475
1176811              1     -1.9971156     0.02960394    -0.99915797    0.033330333     0.99915797
1291549              1     -1.9971171    0.029055933    -0.99916788    0.030509259     0.99916788
1417474              1     -1.9971212    0.028547038    -0.99917763    0.027937637     0.99917763
1555676              1     -1.9971255    0.028069142    -0.99918653    0.025594113     0.99918653
1707352              1     -1.9971357    0.027584291    -0.99919632    0.023455314     0.99919632
1873817              1     -1.9971343    0.027249409    -0.99920248    0.021513529     0.99920248
2056512              1     -1.9971388    0.026880058    -0.99920959    0.019739976     0.99920959
2257019              1     -1.9971405    0.026575813    -0.99921534       0.018127     0.99921534
2477076              1      -1.997143    0.026295888    -0.99922087    0.016657117     0.99922087
2718588              1     -1.9971458    0.026025273    -0.99922611    0.015315907     0.99922611
2983647              1     -1.9971467    0.025785094     -0.9992304    0.014094709      0.9992304
3274549              1     -1.9971463    0.025574017    -0.99923406    0.012981858     0.99923406
3593813              1     -1.9971502    0.025363253    -0.99923847    0.011966624     0.99923847
3944206              1     -1.9971542    0.025165329    -0.99924264    0.011041338     0.99924264
4328761              1     -1.9971562    0.024989968    -0.99924598     0.01019854     0.99924598
4750810              1     -1.9971577    0.024838517    -0.99924892   0.0094315805     0.99924892
5214008              1     -1.9971564    0.024733227    -0.99925095   0.0087343853     0.99925095
5722367              1     -1.9971569    0.024612411    -0.99925326    0.008097418     0.99925326
6280291              1     -1.9971565    0.024507102    -0.99925505   0.0075179323     0.99925505
6892612              1     -1.9971574    0.024405187    -0.99925702   0.0069894556     0.99925702
7564633              1     -1.9971557    0.024334658    -0.99925819   0.0065094233     0.99925819
8302175              1     -1.9971551    0.024250827    -0.99925953   0.0060705301     0.99925953
9111627              1     -1.9971568    0.024164549    -0.99926128   0.0056701397     0.99926128
10000000              1     -1.9971575    0.024092508    -0.99926263   0.0053060366     0.99926263