1000              1       -1.99671     0.02683036       0.999155     0.00184439       0.999155
1097              1     -1.9966363    0.026795944     0.99913856   0.0018271427     0.99913856
1204              1     -1.9968355    0.025330046      0.9991902    0.001722739      0.9991902
1321              1     -1.9969039    0.024598574     0.99920893   0.0016649007     0.99920893
1450              1     -1.9966483    0.027064999     0.99913793   0.0018820452     0.99913793
1592              1     -1.9966457    0.027258339     0.99913945   0.0018771464     0.99913945
1747              1     -1.9966629    0.027943771     0.99913566   0.0020137031     0.99913566
1917              1     -1.9968858    0.026230147     0.99919405   0.0018841549     0.99919405
2104              1     -1.9969249    0.025970368     0.99920152   0.0018837557     0.99920152
2310              1     -1.9970433    0.024987995     0.99923377   0.0017997864     0.99923377
2535              1      -1.997069    0.024540106      0.9992426   0.0017508164      0.9992426
2782              1     -1.9970848    0.024508696     0.99924874   0.0017296723     0.99924874
3053              1     -1.9971274    0.024069104     0.99926138   0.0016848237     0.99926138
3351              1      -1.996983    0.024923668     0.99922411   0.0017406973     0.99922411
3678              1     -1.9969821    0.025002808     0.99922512   0.0017337247     0.99922512
4037              1     -1.9970424    0.024501933     0.99924201   0.0016874466     0.99924201
4430              1     -1.9970609    0.024210704     0.99924718   0.0016626943     0.99924718
4862              1     -1.9970691    0.024083487     0.99924825   0.0016641185     0.99924825
5336              1     -1.9970746    0.023810668     0.99925037   0.0016417915     0.99925037
5857              1     -1.9970258    0.024066185     0.99923766   0.0016575838     0.99923766
6428              1     -1.9970924    0.023419857      0.9992556    0.001606288      0.9992556
7054              1     -1.9970783    0.023764264     0.99925291   0.0016196663     0.99925291
7742              1     -1.9970964    0.023586986     0.99925794   0.0016048508     0.99925794
8497              1     -1.9971049    0.023536757     0.99926092   0.0015939061     0.99926092
9326              1      -1.997107    0.023673481     0.99926174   0.0015994891     0.99926174
10235              1     -1.9970513    0.024066754     0.99924719   0.0016267555     0.99924719
11233              1     -1.9970409     0.02410178     0.99924508   0.0016237262     0.99924508
12328              1     -1.9970587    0.023930872     0.99924968   0.0016112751     0.99924968
13530              1     -1.9970562    0.024001399     0.99924945   0.0016128048     0.99924945
14849              1     -1.9970719    0.023804548     0.99925416   0.0015937721     0.99925416
16297              1      -1.997097    0.023600899     0.99926121    0.001574646     0.99926121
17886              1     -1.9971072    0.023596742     0.99926395   0.0015729597     0.99926395
19630              1     -1.9971238    0.023555969     0.99926821   0.0015682703     0.99926821
21544              1     -1.9971407    0.023417551     0.99927242   0.0015590451     0.99927242
23644              1     -1.9971265    0.023460961     0.99926852   0.0015652874     0.99926852
25950              1     -1.9971137    0.023621035     0.99926532   0.0015748483     0.99926532
28480              1     -1.9971489    0.023329898     0.99927405   0.0015564048     0.99927405
31257              1     -1.9971488    0.023425165     0.99927376   0.0015659137     0.99927376
34304              1     -1.9971452    0.023439045     0.99927312    0.001564251     0.99927312
37649              1     -1.9971354    0.023496517     0.99927103   0.0015646462     0.99927103
41320              1      -1.997152     0.02337895     0.99927456   0.0015651507     0.99927456
45348              1     -1.9971714    0.023278463     0.99927902   0.0015617232     0.99927902
49770              1     -1.9971929    0.023055803     0.99928441   0.0015478336     0.99928441
54622              1     -1.9971707    0.023247524     0.99927859   0.0015612591     0.99927859
59948              1     -1.9971655    0.023317336     0.99927729   0.0015654474     0.99927729
65793              1     -1.9971737     0.02317664     0.99927903   0.0015586803     0.99927903
72208              1     -1.9971718    0.023112238     0.99927854   0.0015549007     0.99927854
79248              1     -1.9971871    0.023025131     0.99928257   0.0015472211     0.99928257
86974              1     -1.9971934    0.022960942     0.99928398   0.0015440704     0.99928398
95454              1     -1.9972063    0.022909898     0.99928746   0.0015394282     0.99928746
104761              1     -1.9971986    0.023010235     0.99928542   0.0015456386     0.99928542
114975              1     -1.9971977    0.023042364     0.99928532     0.00154651     0.99928532
126185              1      -1.997193    0.023186795     0.99928383   0.0015579654     0.99928383
138488              1     -1.9971884    0.023203614     0.99928297   0.0015562329     0.99928297
151991              1     -1.9971819     0.02325667     0.99928144   0.0015594271     0.99928144
166810              1     -1.9971893    0.023131254     0.99928362   0.0015490489     0.99928362
183073              1     -1.9971946    0.023064205     0.99928504   0.0015440153     0.99928504
200923              1     -1.9971965    0.023092846     0.99928562   0.0015453417     0.99928562
220513              1      -1.997194    0.023097054     0.99928496   0.0015453629     0.99928496
242012              1     -1.9971838    0.023143934     0.99928241   0.0015481133     0.99928241
265608              1      -1.997179    0.023189786     0.99928095    0.001552811     0.99928095
291505              1     -1.9971762    0.023201318     0.99928039   0.0015527656     0.99928039
319926              1     -1.9971777    0.023219256     0.99928058   0.0015555086     0.99928058
351119              1     -1.9971722     0.02326798     0.99927906   0.0015601894     0.99927906
385352              1     -1.9971747    0.023235821     0.99927975   0.0015573755     0.99927975
422924              1     -1.9971817    0.023173702     0.99928156   0.0015530743     0.99928156
464158              1     -1.9971761    0.023211495     0.99928006   0.0015559761     0.99928006
509413              1     -1.9971713    0.023259401     0.99927891   0.0015581006     0.99927891
559081              1     -1.9971666    0.023293296     0.99927764   0.0015608944     0.99927764
613590              1     -1.9971602    0.023342213     0.99927568   0.0015670152     0.99927568
673415              1     -1.9971619    0.023337675     0.99927608   0.0015666642     0.99927608
739072              1      -1.997161    0.023333051     0.99927573   0.0015681578     0.99927573
811130              1     -1.9971544    0.023410989     0.99927385   0.0015752834     0.99927385
890215              1     -1.9971576    0.023392011      0.9992748   0.0015726665      0.9992748
977009              1     -1.9971529    0.023426565     0.99927364   0.0015746628     0.99927364
1072267              1     -1.9971519    0.023448365     0.99927335   0.0015761654     0.99927335
1176811              1     -1.9971581    0.023394572       0.999275   0.0015723802       0.999275
1291549              1     -1.9971549    0.023400397     0.99927414   0.0015729922     0.99927414
1417474              1     -1.9971564    0.023389365     0.99927461   0.0015715344     0.99927461
1555676              1     -1.9971547    0.023409283     0.99927413   0.0015732453     0.99927413
1707352              1     -1.9971492    0.023464355     0.99927273   0.0015768251     0.99927273
1873817              1     -1.9971466     0.02349686     0.99927199   0.0015796086     0.99927199
2056512              1     -1.9971468    0.023499508     0.99927197   0.0015805559     0.99927197
2257019              1       -1.99715    0.023468197     0.99927287   0.0015775999     0.99927287
2477076              1      -1.997151    0.023450364     0.99927323   0.0015753648     0.99927323
2718588              1     -1.9971473    0.023481551     0.99927227    0.001577332     0.99927227
2983647              1     -1.9971467    0.023475092      0.9992721   0.0015771315      0.9992721
3274549              1     -1.9971484     0.02346901     0.99927249   0.0015769667     0.99927249
3593813              1     -1.9971475    0.023486246     0.99927223    0.001578599     0.99927223
3944206              1     -1.9971489    0.023478879     0.99927261   0.0015777669     0.99927261
4328761              1     -1.9971513    0.023464839     0.99927321   0.0015772544     0.99927321
4750810              1     -1.9971536    0.023443836     0.99927376    0.001576345     0.99927376
5214008              1     -1.9971518     0.02345879     0.99927329   0.0015775062     0.99927329
5722367              1     -1.9971532    0.023455924     0.99927367   0.0015771062     0.99927367
6280291              1     -1.9971535    0.023441356     0.99927385   0.0015754049     0.99927385
6892612              1     -1.9971511    0.023463246      0.9992732   0.0015770774      0.9992732
7564633              1     -1.9971506    0.023476276     0.99927303   0.0015785356     0.99927303
8302175              1      -1.997152    0.023463505     0.99927343   0.0015772225     0.99927343
9111627              1     -1.9971534     0.02345171     0.99927378   0.0015763943     0.99927378
10000000              1     -1.9971549    0.023437576     0.99927422   0.0015750086     0.99927422
