# Contents: 
# Columns: MCcycles  -  T  -  Eaverage/part.  -  C_V  -  M/part  -  Xsi  -  abs(M)_average/part  -  N_accepted
# Initial state = Random
1000            2.4       -1.24411      1.4203894       -0.45526      9.1808103        0.45641         106594
1097            2.4     -1.2473291      1.4919145    -0.37280766      9.3826895     0.46028259         116410
1204            2.4     -1.2362458      1.5004863    -0.33508721      9.9252793     0.43428987         129622
1321            2.4     -1.2281529       1.466497    -0.33271764      9.4734955     0.42313399         143755
1450            2.4     -1.2347172      1.4503991    -0.35856207      9.3402941     0.44093448         156206
1592            2.4     -1.2293153      1.4329789    -0.31183417      9.6205099     0.42734296         172672
1747            2.4     -1.2318489      1.3881149    -0.23269033      9.2425654     0.44090441         188902
1917            2.4     -1.2372092       1.413427    -0.15825248      9.0999276     0.45560772         205766
2104            2.4     -1.2359981      1.3754589    -0.14014734      8.8749204     0.45198669         226339
2310            2.4     -1.2482771      1.4661419     -0.1911342      9.1404212      0.4751645         244117
2535            2.4     -1.2550217       1.470008    -0.23006509      8.9455047      0.4888856         265116
2782            2.4     -1.2450288      1.4667293    -0.20959022      9.7547488     0.45982746         295107
3053            2.4     -1.2463348       1.479139    -0.14895185      9.6684954     0.46274484         323394
3351            2.4     -1.2427663      1.4731974    -0.11461802      9.7499013     0.45558192         356804
3678            2.4      -1.243994      1.4489764   -0.056719685      9.4779947     0.46278548         390981
4037            2.4     -1.2424622      1.4291162   -0.019284122      9.2713107     0.46201635         430113
4430            2.4      -1.245553      1.3860828   -0.067285553      8.9641813     0.47074153         469773
4862            2.4     -1.2417462      1.3585555   -0.075054504      9.1268534     0.45904258         518654
5336            2.4     -1.2430847      1.3769603   -0.087609633      8.8806838     0.46347545         568406
5857            2.4     -1.2401178      1.3561884   -0.079753287      9.0237425      0.4514965         626983
6428            2.4     -1.2423584      1.3398202    -0.12002567      8.8164159     0.45881689         686158
7054            2.4     -1.2388305      1.3585343    -0.10495251      8.8408657      0.4558442         756710
7742            2.4     -1.2386024      1.3730812   -0.050575433       8.572964     0.46038556         831235
8497            2.4     -1.2384677      1.3746637  -0.0051053313      8.4372847     0.46137225         912387
9326            2.4     -1.2377086      1.4037661   -0.010763457      8.8391002     0.45503431        1002629
10235            2.4     -1.2396102      1.4261748   -0.010425989      8.8452573     0.45959844        1097442
11233            2.4     -1.2471584      1.4401694     0.04741387      8.7552264      0.4756788        1191708
12328            2.4     -1.2477644      1.4129848    0.072839877      8.5664417     0.47810999        1306592
13530            2.4     -1.2444494      1.4376496    0.061835181      8.9725576     0.46929786        1441111
14849            2.4      -1.242747      1.4276899    0.085822278      8.8322681     0.46716041        1585413
16297            2.4     -1.2376934      1.4171575    0.090009204      8.9742868     0.45627907        1752196
17886            2.4     -1.2368322      1.4299418    0.066965504      8.9752685     0.45502768        1925595
19630            2.4      -1.239214      1.4418951    0.065421294      8.8855663     0.46043403        2106742
21544            2.4     -1.2362027      1.4286455    0.059570182      8.8996733       0.454877        2320630
23644            2.4     -1.2352229       1.432324    0.039453984      9.1057624     0.44896718        2550847
25950            2.4     -1.2348644      1.4160267    0.063885934      8.9941153     0.45001464        2800637
28480            2.4     -1.2322388      1.4213011    0.057457163      9.1628136     0.44259621        3085633
31257            2.4     -1.2340289      1.4154193    0.043030521      9.0754093     0.44708817        3378297
34304            2.4      -1.233199      1.4188039    0.039860366      9.1558038     0.44449802        3711784
37649            2.4     -1.2320407      1.4063368    0.063919493      9.0750722     0.44249369        4080313
41320            2.4     -1.2309615      1.3978271    0.070013795       9.015454     0.44038577        4484467
45348            2.4     -1.2295982        1.38675    0.049095109      8.9738306     0.43734839        4930680
49770            2.4     -1.2314798      1.3922219    0.037147579      8.9913321     0.44185564        5397524
54622            2.4     -1.2329891      1.3915858    0.030099044      9.0089093     0.44534601        5910596
59948            2.4     -1.2330358      1.3915027    0.025882348      9.0290985     0.44414835        6487424
65793            2.4     -1.2339992      1.4072636    0.030786862      9.0431088      0.4461464        7111750
72208            2.4     -1.2339834      1.4050876    0.042759113      8.9830556     0.44563899        7804869
79248            2.4     -1.2352875      1.4027887    0.026991344      8.9404538      0.4488329        8552741
86974            2.4     -1.2349618      1.3996166    0.047907306      8.9747361     0.44693506        9390103
95454            2.4     -1.2324418      1.3846738    0.041959111      8.9553728     0.44144682       10341741
104761            2.4     -1.2332874      1.3945504    0.019946879       9.020642     0.44165047       11337951
114975            2.4      -1.232533      1.3860865    0.015925375      9.0152746     0.43984623       12458372
126185            2.4     -1.2330027      1.3844463  -0.0033990966      9.0275381     0.44059607       13664805
138488            2.4     -1.2343645      1.3987582   0.0065391947      9.0442059     0.44309911       14969753
151991            2.4     -1.2346445      1.3971858   0.0074179392      9.0204317      0.4443496       16422375
166810            2.4     -1.2354696       1.409142   0.0029533002      9.0351071     0.44660866       18004974
183073            2.4      -1.234936      1.4114974    0.011774074      9.0362725     0.44588091       19773810
200923            2.4     -1.2350566      1.4076806     0.01162179      8.9820325     0.44699942       21698813
220513            2.4     -1.2342193      1.3978045   0.0070614884      8.9561767     0.44577685       23843035
242012            2.4     -1.2356176      1.4011884     0.00151759      8.9319351     0.44860381       26117837
265608            2.4     -1.2359456      1.4025269   0.0072563703       8.954714      0.4485819       28651074
291505            2.4      -1.235896       1.402304    0.009428123      8.9126544     0.44918477       31449092
319926            2.4      -1.236112      1.4013602  -0.0041218125      8.8402824     0.45100365       34507590
351119            2.4     -1.2364897      1.3993578  -0.0050443724      8.8007665     0.45242668       37850769
385352            2.4     -1.2372038      1.4045135   -0.016285863      8.7747616     0.45434499       41497829
422924            2.4     -1.2377361      1.4093959   -0.023512357      8.7879883     0.45573836       45509152
464158            2.4      -1.237355      1.4066023   -0.020709263      8.7795595     0.45451445       49974272
509413            2.4     -1.2372395        1.40746    -0.01386913      8.8115269     0.45421207       54852605
559081            2.4     -1.2368307      1.4032371  -0.0073286876      8.7914822     0.45353974       60234719
613590            2.4     -1.2371275      1.4055668  -0.0059733128      8.8033361      0.4539145       66080742
673415            2.4     -1.2365448      1.4044456   -0.005212744      8.8339536      0.4521528       72582034
739072            2.4      -1.236532      1.4015446  -0.0075861283      8.8047073       0.452411       79660075
811130            2.4     -1.2364851      1.4035506  -0.0088473981      8.8300267     0.45216291       87432088
890215            2.4     -1.2363356      1.4023002  -0.0092734957      8.8361045     0.45181429       95976683
977009            2.4     -1.2366069       1.408007  -0.0084480952      8.8576481     0.45221189      105300292
1072267            2.4     -1.2359629      1.4063853  -0.0067376969      8.8688677     0.45087581      115671073
1176811            2.4     -1.2359504      1.4055588    -0.00169356      8.8787514      0.4504641      126960436
1291549            2.4     -1.2360332      1.4052657  -0.0011302088      8.8785294     0.45090043      139326736
1417474            2.4     -1.2359625      1.4057354  0.00055168913      8.8752302     0.45101348      152925534
1555676            2.4     -1.2365163       1.407191   0.0034251991      8.8839473     0.45196369      167711241
1707352            2.4     -1.2367685      1.4082628   0.0025456584      8.8877488     0.45232551      183997716
1873817            2.4     -1.2368457      1.4068343   0.0043313835      8.8719089     0.45258755      201905415
2056512            2.4     -1.2368394      1.4066968   0.0025991071      8.8668121     0.45253516      221590864
2257019            2.4     -1.2371426      1.4057642  0.00093213216      8.8487581     0.45339173      243098054
2477076            2.4     -1.2372417      1.4049111 -0.00081938544      8.8368764       0.453784      266758594
2718588            2.4     -1.2371204      1.4047244  -0.0007760867      8.8418357     0.45346943      292812492
2983647            2.4     -1.2373495      1.4056103   0.0017844386      8.8305348     0.45419652      321265700
3274549            2.4     -1.2373594      1.4054083   0.0010642702      8.8278157     0.45427774      352578540
3593813            2.4     -1.2370232        1.40381   0.0013127116      8.8264218     0.45367718      387138966
3944206            2.4     -1.2371499      1.4042186   0.0031435858      8.8311296     0.45393222      424803848
4328761            2.4     -1.2371022      1.4031491   0.0027921789      8.8260257     0.45390222      466253621
4750810            2.4     -1.2367434      1.4032273   0.0042679017      8.8331552       0.453133      511967715
5214008            2.4      -1.236784      1.4042775  0.00091945774        8.83408     0.45321711      561854924
5722367            2.4      -1.236666      1.4049459  0.00023777835      8.8366163     0.45304179      616739017
6280291            2.4     -1.2367275       1.405606   0.0010937503       8.831846     0.45326708      676817485
6892612            2.4     -1.2365927      1.4049166  3.7503924e-05      8.8323677     0.45309761      742932213
7564633            2.4     -1.2366032      1.4057333   -0.001932645      8.8289105     0.45320203      815338521
8302175            2.4      -1.236721      1.4067411  -0.0012353413      8.8316032     0.45330693      894696020
9111627            2.4      -1.236735      1.4064597 -0.00081932349         8.8261     0.45342152      981909991
10000000            2.4     -1.2368826        1.40725    0.000567756      8.8245419     0.45376806     1077420447
