# Initial state: Random
# MCcycles  -  T  -  Eaverage/part.  -  C_V  -  M/part  -  Xsi  -  abs(M)_average/part  -  N_accepted
           1000              1       -1.74685       0.831831        0.08425      8.1553686        0.21778          17932
           1330              1     -1.9880902      1.7003757     0.98835338        2.06672     0.98835338           1680
           1660              1     -1.9876205      1.6960243     0.98361446      4.1122657     0.98416867           2292
           1990              1      -1.749809      1.1800055    -0.13877387      14.410259     0.28063819          36547
           2320              1     -1.9942974     0.61714738     0.99673491     0.42296413     0.99673491           1433
           2650              1     -1.9853547      2.0281233     0.97831509      6.1233361     0.97831509           3970
           2980              1     -1.9927181     0.87776956     0.99301678      1.4108157     0.99303356           2392
           3310              1     -1.9916224     0.85959975    -0.98997885      2.5182234     0.98997885           2885
           3640              1     -1.9933077     0.67652477    -0.99309066      1.3788165     0.99309066           2500
           3970              1     -1.9672141      2.9066386     -0.9019068      25.134063     0.91021159           9794
           4300              1     -1.9942605       0.584051     0.99580233     0.72262158     0.99580233           2573
           4630              1     -1.9934168     0.70482466    -0.99320194       1.494182     0.99320194           3215
           4960              1     -1.9492581      4.0888605    -0.85887097      34.287569     0.86190726          18562
           5290              1     -1.9405671      4.6710698     0.80926371      44.979643     0.82474575          23642
           5620              1      -1.994306     0.62701734    -0.99510231     0.96777339     0.99510231           3508
           5950              1     -1.9948034     0.35588033     0.99634874     0.50755303     0.99634874           3187
           6280              1     -1.9956783     0.32100065     0.99755175     0.33621549     0.99755175           2936
           6610              1     -1.9947156     0.51790108     -0.9957413     0.86467405     0.99584871           3674
           6940              1     -1.9955994     0.38048452     0.99650793     0.68431957     0.99650793           3380
           7270              1     -1.9128019      5.8304608     0.67438858      65.385159     0.71721939          45557
           7600              1     -1.9947039     0.39869126    -0.99539079     0.89702271     0.99539211           4063
           7930              1     -1.9961955     0.28842961      0.9982623     0.21592204      0.9982623           3138
           8260              1     -1.9948087      0.4444551     0.99424213      1.5877727     0.99424213           4464
           8590              1     -1.9953574       0.320524     0.99655297      0.5802111     0.99655297           4116
           8920              1     -1.9843217       1.370112     0.96969843      6.8849973     0.96969843          10940
           9250              1     -1.9959741     0.24049616    -0.99763243     0.34585947     0.99763243           3916
           9580              1     -1.9952912     0.35958612     0.99621555     0.87955951     0.99622495           4658
           9910              1     -1.9964823     0.17632995      0.9986781     0.10956138      0.9986781           3645
          10240              1     -1.9939326     0.54342709    -0.99386768      1.4907401     0.99386768           6346
          10570              1     -1.9953898     0.33574434     -0.9964158     0.73367899     0.99642148           5159
          10900              1      -1.995589     0.25520436     0.99685321     0.55067028     0.99685321           4935
          11230              1     -1.9967364     0.17509136     0.99880855      0.1079255     0.99880855           3969
          11560              1     -1.9963979     0.17274774     0.99847924     0.12850917     0.99847924           4287
          11890              1     -1.9952237     0.33964861    -0.99549159       1.057719     0.99564045           5936
          12220              1     -1.9960336      0.2135989      0.9976383     0.43187042      0.9976383           5062
          12550              1     -1.9956438     0.28549316    -0.99702072     0.56294995     0.99702072           5497
          12880              1     -1.9962011      0.2235037    -0.99816925      0.2283845     0.99816925           5169
          13210              1     -1.9626964      3.0938487     0.88684709      29.910363     0.89191067          36348
          13540              1     -1.9887009     0.96765875    -0.97575591       6.998193     0.97576108          12574
          13870              1     -1.9945501     0.38022041    -0.99401983      1.2659012     0.99405443           7046
          14200              1     -1.9956028        0.28368     0.99658873     0.74679601     0.99658873           6433
          14530              1     -1.9962202     0.21623167     -0.9981638     0.24973363       0.998181           5615
          14860              1     -1.9957766      0.2787655     0.99674462     0.74188279     0.99674462           6582
          15190              1     -1.9965155     0.13301551      0.9984075     0.14954911      0.9984075           5476
          15520              1     -1.9965206     0.13337406    -0.99864884     0.11208547     0.99864884           5482
          15850              1     -1.9966334     0.13882045      0.9987205     0.10367702      0.9987205           5604
          16180              1     -1.9962911     0.21824793    -0.99814524     0.30168163      0.9981508           6295
          16510              1     -1.9968407     0.10018198     0.99873077      0.1002684     0.99873077           5556
          16840              1      -1.996611     0.16635374     0.99870992     0.13692394     0.99870992           5914
          17170              1     -1.9878049     0.95709182     -0.9710463      7.9260516     0.97266133          15977
          17500              1      -1.996252     0.16054557     0.99806286     0.27145671     0.99806286           6679
          17830              1     -1.9964795     0.17876209    -0.99824678     0.23940312     0.99824678           6717
          18160              1     -1.9962093     0.18819042    -0.99761591     0.41438009     0.99761591           7164
          18490              1      -1.996192     0.19320667     0.99755354     0.48583579     0.99755354           7239
          18820              1     -1.9967407     0.13049255      0.9987407     0.11300222      0.9987407           6402
          19150              1     -1.9965859     0.14276734    -0.99870809     0.12336477     0.99870809           6987
          19480              1     -1.9966314     0.14816742    -0.99856134      0.1833872     0.99856134           6887
          19810              1     -1.9965437     0.11543351    -0.99891873    0.057999781     0.99891873           6808
          20140              1     -1.9944777     0.49343009     0.99338232      1.8396573     0.99375422          11677
          20470              1     -1.9966571     0.11385134    -0.99886981    0.067170064     0.99886981           7070
          20800              1     -1.9967048     0.11283745     0.99888582    0.078497189     0.99888582           7068
          21130              1     -1.9963701      0.1916817    -0.99842877     0.18608112     0.99842877           7709
          21460              1     -1.9936594     0.47250568     0.98886719      3.4223138     0.98912675          12211
          21790              1      -1.988587     0.90891955    -0.97837012      5.2037667     0.97837012          19941
          22120              1      -1.995962     0.20508369    -0.99718626     0.58144264     0.99737929           8943
          22450              1     -1.9746998      2.1172744     0.91835479      23.151315     0.92470579          42661
          22780              1     -1.9966045     0.12044699    -0.99855729     0.14744092     0.99855729           7992
          23110              1     -1.9840956      1.3447901      0.9516283      11.932671     0.95985504          28386
          23440              1     -1.9760026      1.9959222    -0.92370328      23.057721     0.92690678          42069
          23770              1     -1.9969255     0.11595992    -0.99899306    0.065299518     0.99899306           7930
          24100              1      -1.996666      0.1397313      0.9984695     0.22737631      0.9984695           8460
          24430              1     -1.9945321     0.32778391    -0.99392816       1.266204     0.99393389          12359
          24760              1     -1.9950691     0.31414026    -0.99515186      1.0106845     0.99515307          11628
          25090              1     -1.9964077     0.17351182     -0.9979436     0.39248936     0.99794719           9340
          25420              1     -1.9963242     0.16509094     0.99761841     0.50184591     0.99766798           9460
          25750              1     -1.9969184    0.089761223     0.99899126    0.055813173     0.99899126           8370
          26080              1     -1.9965786     0.13769339     -0.9979421     0.35636737      0.9979421           9468
          26410              1     -1.9964601     0.15157517     0.99822207     0.27242588     0.99822662           9592
          26740              1     -1.9968785     0.10393934     0.99886294    0.090647011     0.99886294           8797
          27070              1     -1.9967447     0.11510523     0.99877078     0.11637634     0.99877373           9223
          27400              1      -1.996912    0.077066103     0.99905018     0.03527454     0.99905018           8826
          27730              1     -1.9965471     0.14305202    -0.99848233     0.18339493     0.99848233          10003
          28060              1     -1.9948628     0.30494899    -0.99397915      1.4189984     0.99398093          13345
          28390              1     -1.9964977      0.1398981     0.99824058     0.26423412     0.99824058          10120
          28720              1     -1.9967361     0.10927632    -0.99890773    0.088805508     0.99890773           9517
          29050              1     -1.9968627    0.079444571     0.99896282    0.055540101     0.99896282           9268
          29380              1     -1.9964033     0.14250293     0.99793397     0.34023004      0.9979435          10906
          29710              1     -1.9967253     0.10163459    -0.99886957    0.086995754     0.99886957           9991
          30040              1     -1.9966495    0.097159373     0.99881258    0.074535883     0.99881258          10292
          30370              1       -1.99422     0.37329695     0.99241126      1.8132132     0.99242937          15522
          30700              1     -1.9949049     0.28921462     0.99367866      1.6125339     0.99374316          14386
          31030              1     -1.9966607     0.10896006     -0.9985999     0.14088557      0.9985999          10628
          31360              1     -1.9968294    0.089454685     0.99874538     0.11684773     0.99874538          10206
          31690              1     -1.9967725     0.10102227    -0.99861518     0.15704073     0.99861518          10816
          32020              1      -1.996466     0.13978873    -0.99762851     0.43412741     0.99783182          11474
          32350              1     -1.9879406     0.97701399     0.96911097      7.4834923     0.97330943          31574
          32680              1     -1.9964997     0.12143819    -0.99815973     0.24970727     0.99816187          11587
          33010              1     -1.9966404     0.14290484     -0.9983093     0.23801808      0.9983093          11615
          33340              1      -1.996976    0.090921665    -0.99908218    0.048523273     0.99908218          10544
          33670              1     -1.9954791     0.23992661    -0.99618711      0.7227045     0.99618711          14432
          34000              1     -1.9967785    0.092661792     0.99869588      0.1200003     0.99869588          11410
          34330              1     -1.9967533    0.086812936     0.99880717    0.094093836     0.99880717          11498
          34660              1     -1.9963468     0.15995189    -0.99778765     0.43594742     0.99787334          12938
          34990              1      -1.996579     0.13908327     0.99831309     0.27554455     0.99831652          12332
          35320              1     -1.9968802    0.082257456    -0.99886948    0.089933276     0.99886948          11456
          35650              1     -1.9844373      1.2675474     0.94925708      11.840408     0.96016031          42824
          35980              1     -1.9964361     0.12616007    -0.99792565     0.32547996     0.99792676          12919
          36310              1     -1.9967692     0.10198068    -0.99884784    0.095862014     0.99884784          12115
          36640              1     -1.9953136     0.24199997     0.99404803      1.6962658     0.99404803          15929
          36970              1     -1.9966949    0.096108719     0.99853232     0.13242157     0.99853232          12492
          37300              1     -1.9849424      1.2141102    -0.95804102      12.468874     0.95982842          43367
          37630              1     -1.9966383    0.095655036     0.99877903     0.09789187     0.99877903          12897
          37960              1      -1.993407     0.42055713    -0.98592663      3.8948897     0.98756599          21310
          38290              1     -1.9899619     0.74323264     0.97468412       7.600647     0.97574393          29697
          38620              1     -1.9969539    0.070585789     0.99903988    0.041792839     0.99903988          11919
          38950              1     -1.9967022    0.097847449    -0.99872734     0.13585279     0.99872786          12875
          39280              1     -1.9882006     0.89772117     0.96483363      7.9558441      0.9729487          35883
          39610              1     -1.9969904    0.073243387     0.99906185    0.050439166     0.99906185          12342
          39940              1      -1.996686     0.10229707    -0.99863896      0.1378444     0.99863896          13466
          40270              1     -1.9927782     0.47389689    -0.98501266      4.6800658     0.98521877          24807
          40600              1     -1.9968165    0.093022985    -0.99871182     0.14385324     0.99871207          13398
          40930              1     -1.9968111    0.093646617     0.99875544     0.11510679     0.99875544          13422
          41260              1     -1.9969632    0.070750208     0.99906277    0.043783882     0.99906277          12811
          41590              1     -1.9946107     0.30564316    -0.98919836      2.0098889     0.99243232          20117
          41920              1     -1.9926436     0.48442209     0.98709995      3.3632346     0.98712452          25694
          42250              1     -1.9969295     0.07368672     0.99899775    0.066106365     0.99899775          13348
          42580              1     -1.9969131    0.073791061    -0.99906599    0.045497929     0.99906599          13460
          42910              1      -1.985801      1.1389011      0.9588491      9.7907824     0.96597029          47461
          43240              1     -1.9967072    0.094560346     0.99864119     0.14108176     0.99864119          14714
          43570              1     -1.9905988     0.69121026    -0.97620232      7.3853538     0.97727048          32859
          43900              1      -1.997033    0.059798197     0.99916219    0.024783465     0.99916219          13411
          44230              1     -1.9969032    0.078302834    -0.99899028    0.062707827     0.99899322          14164
          44560              1     -1.9966829     0.10604308    -0.99857226     0.14845976     0.99857226          14832
          44890              1     -1.9966035     0.11183989     -0.9982857     0.28863986     0.99831755          15364
          45220              1     -1.9968253     0.09141654    -0.99878925     0.11080594     0.99878925          14850
          45550              1     -1.9793168      1.7225303    -0.92763085      16.144994     0.94484468          71327
          45880              1     -1.9922201     0.54014348    -0.98111127      5.1107474     0.98353476          30021
          46210              1     -1.9971054    0.055873765    -0.99922225      0.0142839     0.99922225          13946
          46540              1     -1.9967853    0.086854797    -0.99873356     0.14268033     0.99873356          15473
          46870              1     -1.9968656    0.089019187    -0.99889119    0.078404737     0.99889119          15282
          47200              1     -1.9946053      0.3132326     0.98996801      2.4537706     0.99163919          22409
          47530              1      -1.997017    0.065032411     0.99911561    0.029480326     0.99911561          14987
          47860              1     -1.9969277    0.082343919      0.9989345    0.080417381      0.9989345          15413
          48190              1      -1.996889    0.088091272    -0.99889209    0.096929644     0.99889209          15603
          48520              1     -1.9967047    0.094036338     0.99855761      0.1680159     0.99855761          16465
          48850              1     -1.9967376    0.083088357    -0.99855814     0.17628018     0.99855814          16215
          49180              1     -1.9968127    0.083901547     0.99879667    0.098546048     0.99879667          15993
          49510              1     -1.9969049    0.083038594     0.99882014     0.11888492     0.99882337          15739
          49840              1      -1.997052    0.068636801     0.99910965    0.039579982     0.99910965          15313
          50170              1     -1.9969338    0.071257168     0.99887562    0.087487909     0.99887782          16024
          50500              1       -1.99694     0.07035753     0.99894644    0.080074615     0.99894644          15999
          50830              1     -1.9970504    0.069005399    -0.99903197    0.055502995     0.99903197          15650
          51160              1     -1.9965985     0.10334538      0.9982976     0.29143373     0.99830346          17160
          51490              1     -1.9968104    0.084751835     0.99862876     0.17294109     0.99864216          16981
          51820              1     -1.9968472    0.085312926    -0.99879583     0.11818649     0.99879583          16993
          52150              1     -1.9969567    0.077359095     0.99875705     0.14596341     0.99877411          16611
          52480              1     -1.9968209    0.070960338     0.99889329    0.080298189     0.99889329          16891
          52810              1     -1.9967908     0.10124672     0.99866417     0.17584122     0.99867269          17307
          53140              1     -1.9963502     0.14057977      0.9968471     0.74033235     0.99684898          19056
          53470              1     -1.9967505    0.077243328     0.99856864     0.17778966     0.99856901          17849
          53800              1     -1.9969264    0.065815231     0.99903941     0.04227923     0.99903941          17116
          54130              1     -1.9969353    0.079332745     0.99881757     0.12336334     0.99881757          17282
          54460              1      -1.996776    0.097462556    -0.99854884      0.2105162     0.99854958          18147
          54790              1     -1.9967436    0.074848601     0.99876173      0.1271118     0.99876191          17847
          55120              1     -1.9968703    0.072687899    -0.99886167    0.088932149     0.99886167          17618
          55450              1     -1.9968307    0.087681298     -0.9987862     0.13306651     0.99879414          18035
          55780              1      -1.997038    0.056152165     0.99911644    0.030317524     0.99911644          17323
          56110              1     -1.9969348    0.064341552     0.99905053    0.046525338     0.99905053          17718
          56440              1     -1.9919956     0.55009028    -0.97807415      4.6217774      0.9842717          37802
          56770              1     -1.9948536      0.2831977     0.99019253       2.075943     0.99254184          26419
          57100              1     -1.9961419     0.15460351     0.99703047     0.59431094     0.99703047          21362
          57430              1      -1.997031    0.058142816     0.99917029    0.021587773     0.99917029          17184
          57760              1     -1.9968049    0.077784218    -0.99873857     0.14890422     0.99874048          18734
          58090              1     -1.9957805     0.17962928     0.99539869       1.260568     0.99543536          22997
          58420              1     -1.9969161     0.07177822    -0.99886999    0.093630795     0.99886999          18458
          58750              1     -1.9966751    0.095724303    -0.99866136     0.14706279     0.99866136          19719
          59080              1     -1.9940533     0.35959277     0.98735384      2.7860641     0.99028986          30229
          59410              1     -1.9967399    0.084501546    -0.99856068     0.15568944     0.99856068          19596
          59740              1     -1.9968304    0.080915583    -0.99874238     0.12372658     0.99874238          19626
          60070              1     -1.9969978    0.062903877     0.99896163    0.079648632     0.99896546          18601
          60400              1     -1.9968656    0.087205221     0.99873088     0.16109291       0.998738          19596
          60730              1     -1.9968982    0.081397801       0.998849     0.11360577       0.998849          19233
          61060              1     -1.9948696      0.2547387    -0.99296119      1.8717333     0.99296119          27516
          61390              1     -1.9968295    0.070991916     0.99873644     0.11894534     0.99873644          19868
          61720              1     -1.9969977    0.067594813    -0.99905217     0.05307746     0.99905217          19138
          62050              1     -1.9969868    0.058454273    -0.99908219    0.038831141     0.99908219          18941
          62380              1     -1.9969258    0.073266793    -0.99899303    0.064284206     0.99899303          19409
          62710              1     -1.9970321    0.053116923     0.99908571    0.037637406     0.99908571          19220
          63040              1     -1.9968786    0.069420759    -0.99881932     0.11921622      0.9988217          19949
          63370              1     -1.9968441    0.082087736     0.99872637     0.14760507     0.99873931          20307
          63700              1      -1.995568     0.20212716    -0.99468375      1.4630519     0.99469819          26004
          64030              1     -1.9969303    0.068095326      0.9988881     0.10347314      0.9988881          20213
          64360              1      -1.995566      0.2131857     0.99490289      1.4032365     0.99490724          26870
          64690              1     -1.9963993     0.11986636      0.9977056     0.40371367     0.99772136          22868
          65020              1     -1.9930068      0.4691798    -0.98625838      4.0939558     0.98662565          38779
          65350              1     -1.9959446     0.17387629     0.99531553      1.1515588     0.99578852          25248
          65680              1     -1.9969231     0.07145001    -0.99887439     0.11196415     0.99887561          20804
          66010              1     -1.9969512    0.056002017     0.99909953    0.031725048     0.99909953          20300
          66340              1     -1.9874949     0.97143789     0.96648153      9.9576277     0.96830532          64832
          66670              1     -1.9917908     0.56362563     0.97644713      5.2775752     0.98269132          45151
          67000              1     -1.9968516     0.06928648    -0.99883007     0.11339684     0.99883007          21180
          67330              1     -1.9970076    0.055168787    -0.99914117    0.026497034     0.99914117          20606
          67660              1     -1.9970712    0.058804828    -0.99901227    0.063962104     0.99901227          20786
          67990              1     -1.9931022     0.44601665    -0.98565458      4.5320599     0.98566797          39100
          68320              1     -1.9969972    0.060756906    -0.99904135    0.061260762     0.99904135          20892
          68650              1     -1.9970316    0.057604087    -0.99912724     0.03543501     0.99912724          21117
          68980              1     -1.9969735     0.07618354     0.99882959     0.13632976     0.99883945          21783
          69310              1     -1.9970185     0.06068369    -0.99904805     0.05104741     0.99904805          21482
          69640              1     -1.9969316    0.056899223    -0.99898535    0.056611746     0.99898535          21372
          69970              1     -1.9967729    0.080680986    -0.99831914     0.27263464     0.99831914          23208
          70300              1     -1.9969063    0.069055148    -0.99885597      0.1089523     0.99885597          22069
          70630              1     -1.9953095     0.22895305     0.99275499        1.63721       0.993976          30076
          70960              1     -1.9969535    0.060513002    -0.99895624    0.067667526     0.99895624          22044
          71290              1      -1.996969    0.060887426     0.99904299     0.05351232     0.99904299          22010
          71620              1     -1.9970106    0.054179123     0.99906213    0.055970977     0.99906213          22208
          71950              1     -1.9969544    0.080245284    -0.99864267     0.18156881     0.99866199          23022
          72280              1        -1.9969     0.05717364    -0.99898271    0.049989476     0.99898271          22993
          72610              1     -1.9968489    0.071183763     0.99883356    0.099477392     0.99883356          23194
          72940              1     -1.9970196    0.049094554     0.99920462    0.013670036     0.99920462          22260
          73270              1     -1.9969833    0.057777151     0.99907718    0.045159976     0.99907718          22824
          73600              1     -1.9970716     0.04964208    -0.99915353    0.029666658     0.99915353          22212
          73930              1     -1.9928181     0.47011759     0.98408224      4.5095085       0.985374          44724
          74260              1     -1.9969325    0.064511511    -0.99900653    0.063996132     0.99900653          23179
          74590              1     -1.9970244    0.053212847     0.99907501    0.044636039     0.99907501          23110
          74920              1     -1.9969574    0.059680428    -0.99901722    0.060424921     0.99901722          23376
          75250              1     -1.9956894     0.19574794    -0.99514591      1.2053561     0.99517262          30154
          75580              1      -1.995444     0.20563958    -0.99329558      1.8160776     0.99390103          31486
          75910              1     -1.9970054    0.053533225    -0.99912087    0.033555822     0.99912087          22943
          76240              1     -1.9969326    0.056066388      0.9990985     0.03602146      0.9990985          23453
          76570              1     -1.9970452    0.056233897    -0.99909743    0.042459309     0.99909743          23390
          76900              1      -1.996901    0.053549997     0.99905618     0.04171338     0.99905618          23965
          77230              1     -1.9968892    0.067573333    -0.99893312    0.085542766     0.99893312          24429
          77560              1     -1.9970456    0.049925933     0.99914479    0.025890273     0.99914479          23535
          77890              1     -1.9969648    0.054441667     0.99902497     0.05520403      0.9990278          23947
          78220              1     -1.9954417     0.21712421      0.9950668      1.1332392     0.99510733          32532
          78550              1     -1.9970052    0.060248544     0.99894647    0.088530566     0.99894647          24213
          78880              1      -1.991619     0.57339925     -0.9829742      4.6673096     0.98371292          54191
          79210              1     -1.9969303    0.059980837     0.99900398    0.062841781     0.99900398          24559
          79540              1     -1.9970818     0.05340592     0.99909278    0.050706237     0.99909278          24019
          79870              1     -1.9970323     0.05459505     0.99909622    0.047462054     0.99909622          24619
          80200              1      -1.996966    0.051559237    -0.99910704    0.031365466     0.99910704          24502
          80530              1     -1.9966748    0.085772619    -0.99833006     0.24912444     0.99833006          26990
          80860              1     -1.9970453    0.042697276     0.99921333    0.010606283     0.99921333          24382
          81190              1     -1.9967689    0.084099496    -0.99848701      0.2405004     0.99848996          26620
          81520              1     -1.9962008     0.14243009      0.9968788     0.65247949     0.99694149          29966
          81850              1     -1.9970143    0.052123412    -0.99915773     0.02696901     0.99915773          24850
          82180              1     -1.9921116     0.53275482    -0.98140977       5.064436     0.98338799          53307
          82510              1     -1.9942432      0.3259663     0.98825906      3.4165036     0.98947091          41130
          82840              1     -1.9970963    0.045826901    -0.99916079    0.028556534     0.99916079          24902
          83170              1     -1.9969285    0.075011395     0.99877804     0.15752966     0.99878442          26494
          83500              1     -1.9969861    0.054575923     0.99897916    0.075454293     0.99897916          25591
          83830              1     -1.9947139     0.28723221     0.99261672      1.8052935     0.99261672          39417
          84160              1     -1.9959443     0.15569847    -0.99512334      1.0369673     0.99596566          32128
          84490              1     -1.9969517    0.048769857    -0.99911611    0.027367456     0.99911611          25919
          84820              1     -1.9966373    0.089269063    -0.99815079      0.2811627     0.99815079          28199
          85150              1     -1.9958457     0.17315444     0.99525989      1.2880857     0.99540928          33287
          85480              1     -1.9967783    0.093442578    -0.99846531     0.20482104     0.99846707          28107
          85810              1     -1.9946785     0.28356872     0.98990036      2.2484777     0.99191924          40409
          86140              1     -1.9969113    0.062189099     0.99898363    0.068271265     0.99898363          27022
          86470              1     -1.9969054    0.077192165    -0.99885145     0.11901379     0.99885145          27847
          86800              1     -1.9969162    0.064243646     0.99889171     0.10518324     0.99889447          27344
          87130              1     -1.9970026    0.054964349     0.99906192    0.048320445     0.99906192          26665
          87460              1     -1.9943631      0.3086953     0.99136354      2.3389917     0.99136468          41788
          87790              1     -1.9970454    0.051710895    -0.99901185    0.077123717     0.99901185          26879
          88120              1     -1.9969843    0.052980565    -0.99907183    0.042236202     0.99907183          26757
          88450              1     -1.9969856    0.057691856    -0.99898756     0.06503623     0.99898756          27576
          88780              1     -1.9970895    0.045100555     0.99921289    0.013296222     0.99921289          26440
          89110              1     -1.9969547     0.05990388     0.99894333     0.09231667     0.99894355          27802
          89440              1     -1.9935397     0.39483752    -0.98412388      3.9075664      0.9876212          48730
          89770              1     -1.9969425    0.052842212     0.99901771    0.049840178     0.99901771          28011
          90100              1     -1.9970443    0.043087074    -0.99919917    0.014255454     0.99919917          27143
          90430              1     -1.9960511     0.15033703    -0.99586299      1.1085044      0.9959613          33777
          90760              1     -1.9970453    0.045952992    -0.99915122    0.025899028     0.99915122          27343
          91090              1     -1.9970527    0.041789163     -0.9992054    0.013115323      0.9992054          27556
          91420              1     -1.9970215    0.049681459     0.99910468    0.036436527     0.99910468          27763
          91750              1     -1.9970165    0.056219227     0.99892768    0.097982235     0.99892768          28453
          92080              1      -1.995115     0.23700427    -0.99284367      1.8349944     0.99340058          39957
          92410              1     -1.9950645     0.24932135     0.99306569      1.8023722     0.99328925          41330
          92740              1     -1.9969891    0.048813323    -0.99908702    0.037475298     0.99908702          28582
          93070              1     -1.9956273     0.19141691    -0.99491528      1.3380758       0.994917          37582
          93400              1     -1.9956301     0.19340779    -0.99483169      1.3910188     0.99489358          37843
          93730              1     -1.9969325    0.058070724     0.99892116    0.096674806     0.99892297          29319
          94060              1     -1.9942428     0.32171624    -0.98999059      2.9776932     0.99020535          46397
          94390              1     -1.9912602     0.61339718      0.9760846      6.4905024     0.97970225          67140
          94720              1      -1.994396      0.3143583    -0.99094178      2.5261747     0.99101378          46347
          95050              1     -1.9971216    0.040239049     0.99922415    0.013049383     0.99922415          28361
          95380              1     -1.9962066     0.12965581     0.99657748      0.6989904     0.99685961          34378
          95710              1     -1.9970278    0.047712448    -0.99910354    0.036009963     0.99910354          29121
          96040              1     -1.9970084    0.051421046    -0.99897485    0.077436253     0.99897485          29704
          96370              1     -1.9970958    0.040639892    -0.99921775    0.012406373     0.99921775          28913
          96700              1     -1.9969828    0.050383088     0.99906572    0.049825304     0.99906572          29536
          97030              1      -1.995415      0.2047088    -0.99215779      1.8425764     0.99370937          40533
          97360              1     -1.9970551    0.044619659    -0.99916783    0.023213343     0.99916783          29164
          97690              1     -1.9969488    0.060668785     0.99890654     0.10247497      0.9989089          30438
          98020              1     -1.9960601      0.1419047     0.99641823     0.83246073     0.99647903          36432
          98350              1     -1.9968507    0.069150905     0.99867748     0.18048475     0.99870686          31224
          98680              1      -1.996997    0.048517548    -0.99911476    0.031673674     0.99911476          29988
          99010              1     -1.9970391    0.046158484      0.9991111    0.038000112     0.99911201          29831
          99340              1     -1.9922713     0.51389502     0.98315779      4.3595793     0.98495576          64130
          99670              1     -1.9970638     0.04689485     0.99907038    0.051451951     0.99907118          30386
