# Initial state: Random
# MCcycles  -  sigma_E^2  -  sigma_M^2  -  C_V  -  Xsi
              2      24.836519      394.27747      6.2091298      197.13874
           2.02      21.993302      229.34443      5.3899868      113.53685
           2.04      25.262025       462.3044      6.0702673       226.6198
           2.06      26.736502      335.54042      6.3004293       162.8837
           2.08      24.153802      364.43249       5.582887      175.20793
            2.1      22.433923      470.22036      5.0870573      223.91446
           2.12        22.9654      183.26143       5.109781      86.444072
           2.14      24.729376      338.11431      5.3998986      157.99734
           2.16      23.607385      365.79384      5.0598819        169.349
           2.18      23.355488      254.43614      4.9144617      116.71383
            2.2      19.695723      172.53525      4.0693642      78.425112
           2.22       20.71205      256.91182      4.2025911      115.72605
           2.24      20.403731      297.41677      4.0664323      132.77534
           2.26      18.044981      229.49879      3.5329667      101.54814
           2.28      12.374756      135.54878      2.3804933      59.451218
            2.3      15.149789      158.58847      2.8638543      68.951507
           2.32      11.773017      94.120882      2.1873173      40.569346
           2.34      10.600962      104.67142      1.9360365      44.731378
           2.36      8.5593888      68.209461      1.5368049      28.902314
           2.38      7.9559732      50.213155      1.4045571      21.097964
