# Initial state: Random
# T  -  <E>  -  <|M|>  -  C_V  -  Xsi
              2     -1.6834038     0.63483706      6.2091298      197.13874
           2.01     -1.6980041     0.75394744      5.7468135      125.28241
           2.02     -1.6801701      0.6817455      5.9985013      168.92392
           2.03     -1.6841322     0.75635928      5.5169681      110.41357
           2.04     -1.6636384     0.70864994      6.0010994      134.37906
           2.05     -1.6190199     0.44386667      5.5413928      196.27519
           2.06     -1.6482947     0.65698811      5.8972975      183.91688
           2.07     -1.6188979       0.540516      6.0229295      198.32235
           2.08     -1.6427456     0.73989956       5.080761      106.06505
           2.09     -1.6068164     0.59800939      5.9690642       174.0374
            2.1     -1.6234087     0.71567083       5.184441      118.03454
           2.11     -1.6110626     0.69826806      5.7799133      138.91311
           2.12     -1.5612133     0.45856489      5.6592595      195.71944
           2.13     -1.5927639     0.71175383      5.0435668       83.37691
           2.14     -1.5685354     0.62648928      5.2029698      145.80892
           2.15     -1.5575341     0.58419589      4.6804728      160.81144
           2.16     -1.5611113       0.679198      5.0648463      103.58482
           2.17      -1.533586     0.60880311      5.0606243      127.13402
           2.18     -1.5307777     0.62140172      4.4908431      108.12875
           2.19     -1.5109933     0.59393056      4.6847447      119.44343
            2.2     -1.5054207     0.60928728      4.8523136      115.93112
           2.21     -1.4673431     0.46824172      4.2179746      129.74445
           2.22         -1.485     0.62484306      4.0814548       83.61793
           2.23     -1.4596239     0.58194422      4.1442513      80.364554
           2.24     -1.4397694     0.48969683      3.8305591      134.59715
           2.25     -1.4297427     0.51316372      3.3814822      102.29297
           2.26     -1.4168297     0.54286961      3.5655137      72.157171
           2.27     -1.3945536     0.45740383      3.0545488      90.463475
           2.28     -1.3705151     0.42221044      2.7707427      71.747915
           2.29     -1.3673231     0.45053361      3.0114364      70.537054
            2.3      -1.356141     0.45806867      2.4749983      45.188725
           2.31     -1.3104409     0.25868928      1.9968649      46.621309
           2.32     -1.3084234     0.35620028      2.3439533      56.654542
           2.33     -1.3053142     0.35586489       2.316419      65.780699
           2.34     -1.2934014     0.38446172       2.181579      43.653864
           2.35     -1.2638083     0.20940144      1.6347234      38.305701
           2.36     -1.2534681     0.24520822      2.1065227      43.092011
           2.37     -1.2336556     0.17613644      1.5728756      23.848323
           2.38     -1.2229259     0.19021817       1.509667      32.231837
           2.39     -1.2116952     0.18795133       1.319778      17.779312
            2.4     -1.2014076     0.16854656      1.3736113      20.245566
