# Initial state: Random
# T  -  <E>  -  <|M|>  -  C_V  -  Xsi
              2     -1.7190688      0.8341055      3.0894349      34.855581
           2.01     -1.6823875      0.6984795      4.1366985      89.753659
           2.02     -1.7135223     0.86714088      2.6190018      16.851629
           2.03     -1.7080568     0.86796475      2.5029574       14.99132
           2.04     -1.6742777       0.753689      3.6707585      63.374428
           2.05     -1.6528825      0.6856625      3.8950867      84.689044
           2.06     -1.6806915     0.84551475      2.5304305      18.839373
           2.07     -1.6401253       0.729503      3.8913342      59.177756
           2.08     -1.6525378     0.79884488      3.0134076      30.919501
           2.09     -1.6240625     0.70295225      3.8137638      69.570377
            2.1     -1.6304173     0.76517238      3.1003774      43.168266
           2.11     -1.6314065     0.80556563      2.8123678      23.708252
           2.12     -1.6183698      0.7992995      2.6957081      21.994224
           2.13     -1.6025698       0.752534      3.0302482      40.115685
           2.14     -1.6028448     0.79280125        2.80485      20.500646
           2.15      -1.581738     0.76583387      2.7781735      25.504804
           2.16     -1.5868695     0.79731113      2.2044003      13.258964
           2.17     -1.5650438     0.76760112      2.6751772      21.202006
           2.18     -1.5624858       0.783284      2.1406693      11.975821
           2.19     -1.5432005     0.75125275      2.6277144      20.728444
            2.2     -1.5337683     0.74276513      2.5360334      19.995522
           2.21     -1.5063423     0.68826425      2.6234431      32.307569
           2.22     -1.4533595       0.559606      2.9579332      47.258326
           2.23      -1.486127     0.70240813      2.6719169      19.496979
           2.24      -1.453887     0.61196675      2.8351212      39.991274
           2.25     -1.4553753     0.65610287      2.5918597      28.904644
           2.26     -1.4350633     0.63459712      2.3944648      22.220407
           2.27     -1.4132285     0.59367825      2.3777362       29.59567
           2.28      -1.369021     0.47637838      2.3405006      34.840117
           2.29     -1.3823385     0.55068263      2.3699865       26.47148
            2.3     -1.3757093     0.57342413      2.2268099      19.655144
           2.31     -1.3471935      0.4867625      2.4513738       36.09374
           2.32     -1.3188453     0.41683712      2.0986146      33.331698
           2.33      -1.312556     0.43364887       2.051639      31.752802
           2.34     -1.2971557       0.382243      1.9827777      36.790927
           2.35     -1.2736998     0.36613475      1.7275411      26.527628
           2.36     -1.2535858     0.30348638      1.4758824       24.61886
           2.37     -1.2406795     0.28232187      1.5322732      26.870826
           2.38      -1.238735     0.30149112      1.5897012      25.473997
           2.39      -1.222065     0.26412875      1.4263912      23.685206
            2.4     -1.2089398     0.28046975      1.2574001       18.85884
