# Initial state: Random
# T  -  <E>  -  <|M|>  -  C_V  -  Xsi
              2      -1.738516     0.87369453      2.2625812      72.972593
           2.01     -1.7314536     0.86759898       2.135018      79.025287
           2.02     -1.7171043     0.81162842      2.8817901      187.84486
           2.03     -1.7117304     0.82746845      2.6907609      148.72935
           2.04      -1.706748     0.85644405      2.4031401      72.747037
           2.05      -1.688528     0.75784087       3.225747      262.71567
           2.06     -1.6801014     0.75432678      3.4331554       246.5831
           2.07      -1.676227     0.79657608      2.9754165      166.51277
           2.08     -1.6751007      0.8541711      2.0697087      45.967628
           2.09     -1.6604642     0.80680433       2.508958      127.79431
            2.1     -1.6474735     0.76527471      3.1253244      192.71576
           2.11     -1.6442654     0.81842169      2.3064769      74.751924
           2.12     -1.6317259     0.79405234      2.6878127      118.31342
           2.13     -1.6133361     0.72317969      3.4069142      227.18882
           2.14      -1.613775     0.80841188      2.1484211      52.509134
           2.15     -1.6002972     0.78706836      2.4486056      80.739225
           2.16     -1.5908446     0.78840613      2.3442815      67.741577
           2.17     -1.5761197     0.76448047      2.5161828      91.925027
           2.18     -1.5653741     0.76053338      2.4495451      82.047338
           2.19     -1.5535286     0.76030799      2.3413278      60.185577
            2.2     -1.5300863     0.68395058      3.2529767      151.42166
           2.21     -1.5238804     0.72967995      2.4087201       59.91893
           2.22     -1.5115017     0.72574511      2.3664458      47.494863
           2.23      -1.489876     0.67675651      2.3980881       76.98293
           2.24     -1.4736527     0.63130128      2.8512816      132.12354
           2.25     -1.4580134     0.64122926       2.459925      68.988697
           2.26     -1.4311393     0.56571626      2.7881549      107.56166
           2.27     -1.4225534     0.58858289      2.4529651      68.009599
           2.28     -1.3893688     0.47143381      2.5664491      115.22941
           2.29      -1.373248     0.45089327       2.422142      98.730021
            2.3     -1.3500422     0.37516454      2.2130459      102.17456
           2.31     -1.3288488     0.32081129      1.9360548      86.009433
           2.32     -1.3161693     0.31040906      1.8843859      80.079614
           2.33     -1.2968431     0.25439697      1.7707398      70.112048
           2.34     -1.2836219     0.23492011       1.554308      60.948467
           2.35     -1.2653221     0.18601075      1.4250533      41.841117
           2.36     -1.2536304     0.17760448      1.4255388      44.379992
           2.37     -1.2398822     0.16378436      1.3035663      36.604741
           2.38     -1.2271293     0.13863571      1.2613598      30.060597
           2.39     -1.2158479     0.13563305      1.2209193      26.887659
            2.4     -1.2038287     0.12131038      1.1502304       22.55515
