# Initial state: Random
# T  -  <E>  -  <|M|>  -  C_V  -  Xsi
              2     -1.7442445      0.9105042     0.74605752     0.47064056
           2.01     -1.7362649     0.90420925     0.80245697     0.89568069
           2.02     -1.7264946      0.8992734     0.84367279     0.89076051
           2.03     -1.7217171      0.8981372     0.82932685      0.7483197
           2.04     -1.7127339      0.8932151     0.86570077     0.88341581
           2.05     -1.7038674      0.8888775     0.89858144     0.97046849
           2.06     -1.6959007     0.88544285     0.89986943     0.97628012
           2.07     -1.6865196      0.8783818     0.98162093      1.2615402
           2.08      -1.680608     0.87781235      0.9294416     0.99445451
           2.09     -1.6690829      0.8676017      1.0443283      1.7823008
            2.1     -1.6600722      0.8667282     0.98509613      1.0710465
           2.11     -1.6519765     0.86140775      1.0157968      1.2528381
           2.12     -1.6376361      0.8501962      1.1071832      1.7420034
           2.13      -1.629728     0.84847595       1.068276      1.3306376
           2.14     -1.6231082      0.8454385      1.0994806      1.5943889
           2.15     -1.6063589     0.82955195      1.2116629      2.3488649
           2.16     -1.5944596      0.8238143      1.2082925      2.0448088
           2.17     -1.5852503      0.8172108      1.2422568      2.4153241
           2.18     -1.5730086      0.8102517      1.2680512      2.3725948
           2.19     -1.5589436     0.79807435      1.2992908      2.6922902
            2.2     -1.5461472      0.7870942       1.379658      3.1899174
           2.21     -1.5322434     0.77687815      1.4042532      3.3808749
           2.22     -1.5176504      0.7613645      1.4632253      4.2408075
           2.23     -1.4989446     0.74371125      1.5349806      4.7093576
           2.24     -1.4851255      0.7292752      1.5889514      5.4133847
           2.25     -1.4715614     0.71855785      1.5982377      5.3483297
           2.26     -1.4582273     0.70735135      1.5830999      5.5112633
           2.27     -1.4389863     0.68233125      1.6569131       6.655393
           2.28      -1.425845     0.67459405      1.6230283      6.4737566
           2.29     -1.4115738     0.65396175       1.671133      7.6288186
            2.3     -1.3969907      0.6420126        1.68687      7.5618395
           2.31     -1.3739944     0.61032465      1.7003502       8.464398
           2.32      -1.365382     0.60905595      1.6511072      7.9528944
           2.33     -1.3505616     0.59248495      1.6354238      8.1694728
           2.34     -1.3242264     0.55511585      1.6739735      9.1947727
           2.35     -1.3080971     0.53091315      1.6058834      9.4859709
           2.36     -1.3020734     0.53788235      1.5544232      8.4706517
           2.37     -1.2865242       0.520481      1.4876775      8.4824361
           2.38      -1.263057     0.48171525       1.502424      9.1393563
           2.39     -1.2521497      0.4737001       1.430672      8.7893678
            2.4     -1.2343091     0.44853535      1.3603737      8.8138854
