# Initial state: Random
# T  -  <E>  -  <|M|>  -  C_V  -  Xsi  -  accepted
              2      -1.270825      0.1024125      15.893903      5.6140814         101.69
           2.01      -1.454225       0.183425     0.93709042       6.981906          72.94
           2.02      -1.511125      0.2977125     0.42419248      8.5794816          61.81
           2.03       -1.52305          0.327      1.0732403      25.424113          64.23
           2.04      -1.528625         0.3337      1.1336205      23.936812           65.3
           2.05        -1.5378         0.3849     0.65238691      28.179992          60.03
           2.06        -1.5494      0.4515375     0.86959751        28.3782          55.89
           2.07       -1.55765      0.5073625     0.63272515      10.744925          53.94
           2.08       -1.58025      0.5687375      1.1064858      12.081598          52.63
           2.09      -1.577675         0.6146      0.7632268      5.9442316          54.38
            2.1      -1.573425       0.679475       1.183295      10.299719          53.23
           2.11        -1.5938       0.775025     0.94730487      4.5479379          55.92
           2.12        -1.6353        0.84105     0.86095052      1.4491208          47.19
           2.13        -1.6244      0.8489625     0.96709736      1.0335694          44.49
           2.14      -1.625575         0.8455     0.82731483     0.71348131          45.12
           2.15        -1.6315      0.8548625     0.86537588     0.59353244          47.17
           2.16      -1.582775       0.828425     0.83624378     0.73867176           52.3
           2.17      -1.622625      0.8545125      1.3373134     0.78423721          52.27
           2.18        -1.6021        0.84565      1.0278057      1.2196211          50.54
           2.19      -1.591425        0.82935     0.99415171      1.1481845           60.2
            2.2      -1.549675      0.8050875      0.8271345     0.96105125           63.4
           2.21       -1.55485        0.81835      1.4690043      1.8066489          69.93
           2.22      -1.569875      0.8219125       1.366341      1.9739292          67.62
           2.23        -1.5603        0.82585     0.82906473      0.6687417          60.11
           2.24      -1.490625      0.7607625      1.5766651      2.1659352           66.1
           2.25      -1.480275      0.7465875     0.59776375     0.52855233          71.69
           2.26        -1.4729       0.729325      1.0343692      2.2144783          63.34
           2.27       -1.42925      0.6911125     0.99604106      3.1881915          71.54
           2.28      -1.460725       0.735525     0.96942502      3.8527232          67.44
           2.29      -1.458725       0.726375      1.5894241         3.1875          70.08
            2.3      -1.412575       0.674575      1.4016807      4.7532439          72.83
           2.31       -1.37755      0.6501625      1.5723836      8.0080012          78.76
           2.32      -1.368925      0.6413125      0.9654524      8.4803098          86.86
           2.33       -1.35905       0.610175      2.2766225      18.449421          88.16
           2.34      -1.354425         0.6227      1.3443953      11.433135          85.79
           2.35       -1.36425         0.5823     0.77448619      7.9748451           86.1
           2.36      -1.314125       0.556725      1.5166753         13.639          94.63
           2.37        -1.2891      0.4630625      1.6694447      33.006126         103.67
           2.38      -1.243075      0.4036625      1.3063645      33.226833         111.23
           2.39      -1.250425      0.3704875      1.5849532      28.064266         113.97
            2.4       -1.22515      0.3300375     0.97200764      26.326572         111.15
