# Initial state: Random
# T  -  <E>  -  <|M|>  -  C_V  -  Xsi
              2     -1.6736794     0.53295947      8.6942082      313.62019
           2.01     -1.6638914     0.48437034      8.3358707      330.39211
           2.02     -1.6600534     0.51152237      7.9893169      314.90426
           2.03      -1.653429     0.49246263      8.2322677      371.14453
           2.04     -1.6379152      0.3944025        8.01677      389.59781
           2.05     -1.6589086     0.68873122      8.1399139      205.59135
           2.06     -1.6250129       0.446159      7.7143246      359.28892
           2.07     -1.6150803     0.45483909      7.2519613      319.16151
           2.08     -1.6181498     0.53555894      7.7641633      323.58699
           2.09     -1.6028095     0.53223494      6.9204395      213.57482
            2.1     -1.5844481     0.35534397      6.7919326      338.44097
           2.11     -1.5729251     0.35961116      6.5019951      308.33439
           2.12     -1.5848091     0.62065925      7.2796681      178.23081
           2.13     -1.5339871     0.28321553      4.6484915      150.90351
           2.14     -1.5576779     0.48693375      7.3317403      328.31814
           2.15     -1.5614307     0.62639375      6.6031303      170.62706
           2.16     -1.5251048     0.44778997      5.6684319      221.85211
           2.17     -1.5509704     0.67323394      6.9825299      169.41845
           2.18     -1.5129152     0.48930244      6.3947854       218.6857
           2.19     -1.4868729       0.372918      6.1253299      260.60684
            2.2      -1.496695     0.52443506      6.1249374      202.21337
           2.21     -1.4716788     0.45373694      5.7248895      213.34439
           2.22     -1.4506288     0.40554188       6.462934      240.29403
           2.23      -1.444579     0.43206378      4.8811708      186.08829
           2.24     -1.4284136     0.39121288      4.6904734      189.76155
           2.25     -1.4144537     0.40691369      4.7073873      165.30109
           2.26     -1.4046667     0.44614659      3.8195992      150.32828
           2.27     -1.3785354     0.30036206      3.6096746      135.02125
           2.28     -1.3624787     0.32792844      3.0779812      96.254655
           2.29     -1.3568389     0.36239538      3.5180767      124.61189
            2.3      -1.327753     0.25594466      2.4980072       47.57886
           2.31     -1.3166071     0.24043022      2.9217892      96.389844
           2.32     -1.2981553       0.188834      2.1918682      51.060671
           2.33     -1.2926004     0.25734184      2.4877752      69.987333
           2.34     -1.2734458     0.17826744      1.7337359      38.290849
           2.35     -1.2624393     0.18842738      1.9925553      38.150965
           2.36     -1.2448023     0.14753656      1.8995253      32.134375
           2.37     -1.2354003     0.16246291      1.8747203      37.593003
           2.38     -1.2213767     0.13096856      1.6832333      22.294242
           2.39     -1.2105599     0.12146919       1.541734      23.021783
            2.4     -1.1994333     0.10267606      1.4631335      17.323527
