# Initial state: Random
# T  -  <E>  -  <|M|>  -  C_V  -  Xsi
              2     -1.7428006     0.90371799     0.97844372      4.2503191
           2.01     -1.7346801     0.89543719      1.0939701      7.1605149
           2.02      -1.728486     0.89913704     0.98005399       2.412893
           2.03     -1.7206819     0.89414096      1.0139258      3.5413275
           2.04       -1.70981     0.87937714      1.2521356      9.9460101
           2.05      -1.702702     0.87945377      1.1774161      7.5554494
           2.06     -1.6949328      0.8798487       1.116385      4.6338323
           2.07     -1.6867423     0.87588624      1.1221398      4.1648648
           2.08      -1.674753     0.86243523      1.2411612       8.611795
           2.09     -1.6686301     0.86459147      1.1771612      5.1652488
            2.1     -1.6580694     0.85622368      1.2506788      6.7348914
           2.11     -1.6502478     0.85800304      1.1290599      2.8903527
           2.12     -1.6393878     0.84884213       1.245334      4.6861441
           2.13     -1.6295876     0.84295543      1.2859273      4.8904539
           2.14     -1.6186486     0.83695936      1.2696659      4.6610973
           2.15     -1.6072255     0.82947683       1.312906      3.9284422
           2.16     -1.5941889     0.81769921      1.4058293       6.188148
           2.17     -1.5829507     0.80801588      1.4473389       7.225048
           2.18     -1.5720383     0.80547266      1.4038868      4.1850987
           2.19     -1.5556931     0.78389783      1.5282239      8.9252739
            2.2     -1.5448033     0.77990665      1.5579523      6.7243046
           2.21     -1.5323921      0.7712755      1.5418393      5.9200787
           2.22     -1.5155677     0.75133278      1.7042073      9.3268728
           2.23     -1.4984007     0.72561312      1.8003328      13.755112
           2.24     -1.4806624     0.70748767      1.8192393      13.935441
           2.25     -1.4667231     0.69515844      1.8270915      12.741509
           2.26     -1.4395006     0.63299906      2.1581893      26.218221
           2.27     -1.4310461     0.63965405      1.9867772      20.324182
           2.28     -1.4146332     0.61501799      2.0034005      24.098763
           2.29     -1.3910502      0.5759806      2.0753943      26.434571
            2.3     -1.3691735     0.52982481      2.0070874      30.139315
           2.31     -1.3493655     0.50064584      1.9083503      29.401361
           2.32     -1.3272358       0.450851      1.8922568      30.723581
           2.33     -1.3114141     0.42712816      1.8210587      30.254396
           2.34     -1.2951696     0.40771725      1.6792805      27.604231
           2.35     -1.2785023     0.36703029      1.6181489      28.762085
           2.36     -1.2595199     0.31658963      1.4588777      25.448608
           2.37     -1.2461299     0.31761094       1.436966      23.682682
           2.38     -1.2333033     0.28166793      1.3318813      22.523846
           2.39     -1.2193624     0.27393958      1.3209849      20.637428
            2.4     -1.2070149     0.25474907      1.2289698      19.040244
