# Initial state: Random
# T  -  <E>  -  <|M|>  -  C_V  -  Xsi
              2      -1.736993      0.9020765      0.9995168      1.3922351
           2.01      -1.737133      0.9029375     0.98003023      1.0114226
           2.02      -1.719629       0.886322      1.1881455      2.8647816
           2.03      -1.706901      0.8735705      1.3655897       3.853054
           2.04      -1.705241      0.8867565      1.0650175      1.2896475
           2.05      -1.697777       0.881545      1.1234387      1.8379011
           2.06      -1.692635      0.8811095      1.0561492      1.3718382
           2.07      -1.675847      0.8677145      1.2502343      2.2233602
           2.08      -1.664328       0.859399      1.3008662       2.506219
           2.09      -1.659684      0.8558905      1.2366091      2.6840879
            2.1      -1.648184      0.8498175      1.3504855      3.0425894
           2.11      -1.631012        0.83225      1.4355397      3.7338374
           2.12      -1.634903       0.846419      1.3466902       2.418421
           2.13      -1.621379      0.8310035      1.3422388      3.2830179
           2.14      -1.604393      0.8163255      1.5469344      3.8329431
           2.15      -1.612703       0.841486      1.1007519      1.3113724
           2.16      -1.586943       0.799572      1.5440213      6.0457994
           2.17      -1.581565       0.810656      1.4446585      3.4358727
           2.18      -1.566342      0.8007335      1.3955087      2.6977907
           2.19      -1.555923       0.787604      1.4626991       4.396693
            2.2      -1.541493       0.776964       1.579248      4.2372159
           2.21      -1.536329      0.7811265      1.5537629      3.4116767
           2.22      -1.502456      0.7416655      1.6194536      5.2624295
           2.23      -1.517361       0.770542      1.4050382      3.3233159
           2.24      -1.468027      0.7038295      1.8554095       6.768896
           2.25      -1.486561       0.746093      1.4653032      3.6047778
           2.26      -1.421506       0.636871      1.9351909      9.5493379
           2.27      -1.426957       0.671133      1.7615145      6.7614637
           2.28      -1.417699       0.653601      1.7511261      7.7330707
           2.29      -1.412978      0.6681865      1.6068551      6.3825255
            2.3      -1.386943      0.6232135       1.738293      8.2884671
           2.31      -1.386348       0.627559      1.6828772      7.9765639
           2.32      -1.363927       0.598775      1.6902979      8.9918628
           2.33      -1.360876       0.615556      1.6111251       7.294886
           2.34      -1.331738      0.5792255      1.6962407      8.1219885
           2.35      -1.304016       0.523217      1.6139279      9.5850776
           2.36      -1.289672      0.5075755      1.6699865      9.7432711
           2.37      -1.291996      0.5417355      1.5681587      7.8142457
           2.38      -1.266487      0.4927445      1.4881865      8.5357177
           2.39      -1.237018      0.4351385      1.3823671      9.1989219
            2.4      -1.246605      0.4729605      1.5138878      9.3825855
