# Initial state: Random
# T  -  <E>  -  <|M|>  -  C_V  -  Xsi  -  accepted
              2     -1.2655938    0.062509375      58.872455      5.2942903         391.33
           2.01     -1.4670625    0.067646875      2.0577894      4.1469183         274.95
           2.02     -1.5183438    0.091159375     0.82553641      9.7106516         251.22
           2.03     -1.5440688     0.11519375      1.0903625      5.3422277         237.47
           2.04     -1.5430687      0.1070875     0.92293943      17.232273          225.9
           2.05       -1.56025         0.1204     0.72911362       35.24769         226.05
           2.06     -1.5621188      0.1282375      1.8600233      56.270919         213.31
           2.07     -1.5505312     0.14640313     0.72235496      70.300426            225
           2.08     -1.5571875     0.15985313     0.85980839      93.665081          216.7
           2.09     -1.5519375     0.17804687      1.6527037       99.60084         214.12
            2.1     -1.5497188     0.16803125      1.4784623      121.21356         211.24
           2.11     -1.5336437     0.18720938      2.1420459      128.57035         216.88
           2.12     -1.5398813      0.2025375      1.7197479      122.54307         218.45
           2.13        -1.5494     0.21742812      2.7463678      137.55618         207.39
           2.14     -1.5162563     0.20992187      2.5493547      133.37164         229.15
           2.15       -1.51345     0.17497813      1.1935476      128.38415         237.42
           2.16     -1.5141375     0.16926875      1.4025397      123.75855         238.85
           2.17      -1.493925     0.16815937      1.5275763      133.59427         248.93
           2.18     -1.4960187     0.20373125      1.5552106      125.53277         254.27
           2.19       -1.48195      0.2269125       1.462535      130.01723         263.58
            2.2     -1.4670188       0.237025      1.9417134      116.76679         260.48
           2.21     -1.4594938     0.20890938      2.1965735      108.97806         272.81
           2.22       -1.45455         0.2098     0.92683305      92.787587         292.93
           2.23     -1.4347875     0.20834375     0.99379859      100.78835         299.07
           2.24     -1.4170562     0.20736875      2.0749093      126.51741         286.79
           2.25     -1.4086063     0.20663125      1.1244233      106.76286         311.36
           2.26      -1.399125        0.20505     0.77535437      109.45872         317.02
           2.27     -1.3869125     0.20803125     0.72231966      94.657205         327.24
           2.28     -1.3729437     0.20990313      1.6845308      87.117038         323.53
           2.29     -1.3609188     0.21320312      1.8874111      95.157922         321.53
            2.3     -1.3484187     0.20514688      1.1320081      87.732149         339.12
           2.31     -1.3251125     0.21715937     0.55577463      78.807636            362
           2.32     -1.3031063     0.23526562      2.2097527      73.533774         365.81
           2.33     -1.2985187     0.22510625      2.8040916      68.825173         363.02
           2.34        -1.2757     0.23750625      3.8101056      75.122692         376.51
           2.35     -1.2597375     0.24181563      2.4106037      62.645536         405.31
           2.36     -1.2669438     0.23674687      1.3736525      80.184942         399.28
           2.37     -1.2445625      0.1787625      1.5414063      66.997463         418.71
           2.38     -1.2353938         0.1411     0.79849282      60.126221         419.44
           2.39        -1.2154       0.137775      1.5297834      48.134928         441.31
            2.4      -1.211175     0.14774375     0.95636528      36.866597         428.34
