# Initial state: Random
# T  -  <E>  -  <|M|>  -  C_V  -  Xsi  -  accepted
              2     -1.2778333        0.05925      32.032431      4.0282264         219.38
           2.01     -1.4693222     0.12517778      1.2063045      14.969827         160.71
           2.02     -1.5112778     0.19063333     0.47251086      27.290429         141.06
           2.03     -1.5259222     0.22386111       1.150904      33.724624         129.15
           2.04        -1.5641     0.27017778     0.79018102      46.782569         123.15
           2.05     -1.5590111     0.30451111     0.77120011      62.891971         121.66
           2.06     -1.5743444     0.36166111     0.78334108      72.336888            119
           2.07     -1.5663222     0.38916111      1.2965985      82.695357         117.91
           2.08     -1.5780778     0.43378333      1.8189484      89.624334         104.42
           2.09     -1.5691111     0.45785556      2.1591895      106.72046         109.41
            2.1        -1.5516     0.44195556      1.9464514      131.37668         117.09
           2.11     -1.5566111     0.45922222      1.4158886      115.33829         122.42
           2.12     -1.5427556     0.44654444     0.92859222      107.54799         128.74
           2.13     -1.5589333     0.44886111     0.78708506      99.896676         135.98
           2.14     -1.5644333     0.46268889     0.98980978      98.588782         131.41
           2.15     -1.5344444         0.4715      0.7077267      92.044894         138.04
           2.16     -1.5305333     0.50243333      1.3985002      81.646047         136.66
           2.17     -1.5229333     0.53792222      1.0201867      65.509827         137.16
           2.18     -1.5081222     0.55907222      2.3299516      68.247371         125.74
           2.19     -1.5027444     0.56349444      2.7949831        70.9384         127.21
            2.2     -1.4979556     0.53092778      3.1327956      70.418243         124.17
           2.21     -1.4750222     0.47048333      2.1485497      85.494034         136.32
           2.22     -1.4571222     0.48618889      2.7663897      73.737358         137.63
           2.23     -1.4256556     0.48220556       1.409204      49.882625         157.37
           2.24     -1.4080222     0.49073889      2.4932607      63.468641         164.88
           2.25     -1.4209889     0.54343889      4.4408783      79.784985          151.7
           2.26     -1.4222556     0.57731111      4.4456532      61.472416         150.78
           2.27     -1.4013667     0.54576667      5.0681253      53.069758         145.93
           2.28     -1.4077889     0.54472778      5.3122755      59.055804         151.23
           2.29        -1.4019     0.55757222      3.6256838      55.561714         162.47
            2.3     -1.3566556     0.51907778       1.582617      37.892195          183.6
           2.31        -1.3581     0.53007222      2.1771588      43.847221         188.15
           2.32     -1.3486111        0.53465      1.6639314      27.135294         198.94
           2.33     -1.3437778     0.54168889      1.1415286      14.304148         197.66
           2.34     -1.3485333     0.54568333      1.1369856        10.5713         191.24
           2.35     -1.3169667     0.49167222      1.0181356      11.267825         206.28
           2.36     -1.3055778     0.44061111     0.78045868      10.229487         219.56
           2.37     -1.2636667     0.40912778       1.453273      6.8299321         241.88
           2.38     -1.2226889     0.29776111      1.4097746      12.453085         260.42
           2.39        -1.2236         0.2815     0.70951326      30.102943         254.91
            2.4        -1.2105     0.23617778     0.73704282      37.262993         256.52
