# Initial state: Random
# MCcycles  -  sigma_E^2  -  sigma_M^2  -  C_V  -  Xsi
              2      3.9980672      2.7844703      0.9995168      1.3922351
           2.02      4.3574696      2.6809738      1.0679026      1.3272148
           2.04      6.2936267      11.179199      1.5123094      5.4799996
           2.06      4.7968485      3.9704114      1.1303725      1.9273842
           2.08       4.952424      3.8576555      1.1446986      1.8546421
            2.1      5.5072323      3.9636147      1.2488055      1.8874356
           2.12      5.5683448      4.8407826      1.2389518       2.283388
           2.14      6.9707849       9.094374      1.5221384      4.2497075
           2.16      8.0670683      13.276155      1.7290527      6.1463683
           2.18      7.3041485      10.641845      1.5369389      4.8815803
            2.2      7.3400922      9.6570592       1.516548      4.3895723
           2.22      8.0544895      12.962211      1.6343011      5.8388338
           2.24      8.8170371      15.461617       1.757222      6.9025075
           2.26      7.9264211      8.8806336      1.5518876      3.9294839
           2.28      9.7805491      22.054387      1.8814537      9.6729767
            2.3      9.2343322      18.664328      1.7456205      8.1149251
           2.32      9.3629183      19.300249      1.7395434      8.3190727
           2.34      9.9261504      20.207053      1.8127968      8.6354928
           2.36      8.9417485      22.235754      1.6054561      9.4219299
           2.38      8.1483732      21.721516      1.4385236      9.1266875
