# Initial state: Random
# T  -  <E>  -  <|M|>  -  C_V  -  Xsi
              2     -1.7394989     0.88369472      1.5906928      32.450811
           2.01     -1.7309983     0.87129045      1.7370741      45.281694
           2.02     -1.7256015     0.88121253      1.4405247      26.720042
           2.03     -1.7186323     0.88503652      1.3248751      17.280503
           2.04     -1.7070876     0.86055677      1.8176079       41.51971
           2.05     -1.7008335     0.87189884      1.5991572      21.546793
           2.06     -1.6860115     0.82598952      2.1602126      70.116988
           2.07     -1.6852221     0.86392146      1.4933052      22.578234
           2.08     -1.6744586     0.85029397       1.691155      31.629075
           2.09     -1.6674696     0.86047541      1.5146422      14.481237
            2.1     -1.6538375     0.83024172      1.8503556      44.496287
           2.11      -1.642749     0.81286364       2.006163      56.728369
           2.12     -1.6335149     0.80879729       1.999102      54.127149
           2.13     -1.6178411     0.77957628       2.275221      73.229922
           2.14     -1.6150265     0.81759562      1.7647497      30.091232
           2.15     -1.6037767     0.81205395      1.7743854       24.27116
           2.16     -1.5920951     0.80576765      1.8261896      21.812858
           2.17       -1.58074     0.79622736      1.8332711      23.220201
           2.18     -1.5682541     0.79245344      1.7542487      14.775453
           2.19     -1.5568734     0.78178336      1.7693788      17.889571
            2.2     -1.5443455     0.77389619      1.7834808      14.200376
           2.21     -1.5272613     0.75181136      1.8595803      20.488316
           2.22     -1.5109196     0.73200161      1.9132853      22.845634
           2.23     -1.4943949     0.71208287      2.0346036      24.437049
           2.24     -1.4796823     0.69254609      2.1691079      29.350918
           2.25      -1.464988     0.68307687      2.0495173      25.343103
           2.26     -1.4366876     0.60962517      2.3850052      50.135494
           2.27     -1.4176093     0.56688301      2.4348561      60.950666
           2.28     -1.4023086     0.56136915      2.2606981      50.359995
           2.29     -1.3763831     0.49137626      2.1693778      61.250955
            2.3      -1.357277     0.44161069       2.109152      65.599674
           2.31     -1.3288044     0.34928428      2.0170217      68.454403
           2.32     -1.3202288     0.36905857      1.9366373      58.454258
           2.33     -1.3009151     0.31510298      1.9048074      60.584376
           2.34     -1.2805636     0.27001226      1.6742068      47.943782
           2.35      -1.264053     0.22708135      1.4022432      37.539759
           2.36     -1.2534187     0.23021526      1.3457135        34.3159
           2.37     -1.2419635     0.21607046      1.3197212      32.800579
           2.38     -1.2289793     0.20778132      1.3072587      29.180062
           2.39     -1.2159427     0.18044832      1.1942238      25.602648
            2.4     -1.2050892     0.18429331      1.2290181      23.520062
