# Initial state: Random
# T  -  <E>  -  <|M|>  -  C_V  -  Xsi  -  accepted
              2        -1.2794        0.28115       4.429764      6.8703855          23.33
           2.01        -1.5642         0.6617      1.4784149      7.2771363           9.16
           2.02         -1.676         0.8685      0.8877561     0.76430693           8.41
           2.03        -1.7458         0.9163     0.34636706     0.12538128           7.09
           2.04        -1.6814           0.87       0.811807     0.90333333           8.65
           2.05        -1.7079          0.902     0.59608233     0.21326829           9.96
           2.06        -1.7446        0.91075     0.53867848     0.23188107            9.5
           2.07        -1.7183         0.9079     0.58662839      0.2279401            8.5
           2.08        -1.6549         0.8516      1.0895886      1.5192192          15.29
           2.09        -1.5998        0.81305      1.6047215      3.0516646          19.57
            2.1        -1.6813         0.8818     0.77417778     0.37090667          10.84
           2.11        -1.6699        0.88615     0.70016307     0.25572085           9.68
           2.12        -1.6639         0.8746     0.95583749     0.52412075          10.31
           2.13        -1.6706         0.8799     0.67320329     0.41398873           9.62
           2.14        -1.6554        0.84795     0.94373657      1.1000089           8.48
           2.15        -1.5714         0.8234      1.0612474     0.81291907           13.9
           2.16        -1.5574         0.7831      1.3300103      1.5725722          19.64
           2.17        -1.6144         0.8489      1.1930294      1.1237401          16.76
           2.18        -1.6283         0.8536      1.4717709      1.6986312          10.45
           2.19        -1.5475         0.7909      1.0115511      2.0563817          13.06
            2.2        -1.4724         0.7025       1.780681      4.9517727          15.66
           2.21        -1.5048         0.7631      1.0261018      1.6587131          11.98
           2.22        -1.4985        0.72535      1.7077145      8.1116446          14.19
           2.23        -1.4473         0.6001      1.8824999      16.766635          13.25
           2.24        -1.3957         0.5387      1.2983506      15.334609          15.14
           2.25         -1.386         0.5468      1.3713383      14.290535          18.26
           2.26        -1.3645         0.5922      2.1502663      7.5978159          22.98
           2.27        -1.3462         0.5567       1.799341      7.0631912          14.84
           2.28        -1.3725        0.55015      1.9106456      7.9235487          14.55
           2.29        -1.3462         0.5834      2.1620915      9.0368454          16.17
            2.3        -1.3605        0.51645      1.9684499      15.695156          17.49
           2.31        -1.3042        0.49555      2.9376031      12.579731           15.6
           2.32        -1.3222        0.49585      1.1157224      7.9372461          20.99
           2.33         -1.247         0.4386     0.58420675      8.6094489          22.77
           2.34        -1.3721          0.614      1.3741391      7.6139316          17.19
           2.35        -1.3397        0.60645      1.2728228      5.5081102          19.37
           2.36        -1.3522        0.60905      2.3719592      7.7617538           28.4
           2.37        -1.3203         0.5845      1.3955677      5.0277215          27.01
           2.38         -1.338         0.5932       1.759904      6.7556739          21.48
           2.39        -1.2496         0.5134      2.2404258      9.3135464          21.38
            2.4        -1.2003         0.5007       1.195341       2.887585          25.04
