# Initial state: Random
# MCcycles  -  sigma_E^2  -  sigma_M^2  -  C_V  -  Xsi
              2      12.357739      69.711163      3.0894349      34.855581
           2.02       12.21791      63.269933      2.9942922      31.321749
           2.04      11.385593      47.336625      2.7358691      23.204228
           2.06      11.720997      47.055706      2.7620409      22.842576
           2.08      14.428984      100.26824      3.3351017      48.205883
            2.1      13.106814      76.130642      2.9720668      36.252687
           2.12      13.116849      68.049096      2.9184873       32.09863
           2.14      15.266145      83.654811      3.3335106      39.091033
           2.16      14.782927      89.917323      3.1684943       41.62839
           2.18      13.677599      76.603477      2.8780403       35.13921
            2.2      14.668061        104.165      3.0305912      47.347725
           2.22      11.354583      32.589875      2.3039085      14.680124
           2.24      13.631222      75.949044      2.7166817      33.905823
           2.26      14.392331      81.049717      2.8178266      35.862707
           2.28      13.435804      64.201279      2.5846037      28.158456
            2.3      11.265417      65.414591      2.1295684      28.441126
           2.32      11.748544      78.272782      2.1827705      33.738268
           2.34      8.8842715      75.250791      1.6225202      32.158458
           2.36      8.2171294      51.671246      1.4753536      21.894596
           2.38      8.2164823       43.97179      1.4505477      18.475542
