# Initial state: Random
# MCcycles  -  sigma_E^2  -  sigma_M^2  -  C_V  -  Xsi
              2      34.776833      627.24037      8.6942082      313.62019
           2.02      34.916957      773.82755      8.5572386      383.08295
           2.04       35.12162      441.25186      8.4394513      216.29993
           2.06      38.933231      518.81427       9.174576      251.85159
           2.08       32.09764      605.15327      7.4190182      290.93907
            2.1       33.07622      401.43881      7.5002767      191.16134
           2.12      33.602353      480.07202      7.4764937      226.44906
           2.14      34.645337      744.28519      7.5651447      347.79682
           2.16      34.515114      640.32759      7.3977867      296.44796
           2.18      30.776371      562.76429       6.475964      258.14876
            2.2      24.599755       397.3713      5.0825941      180.62332
           2.22      23.185916      549.86702      4.7045525      247.68785
           2.24      14.392687      87.200016      2.8684404      38.928578
           2.26      22.850059      320.31977      4.4737369      141.73441
           2.28      13.167761       181.3471      2.5330411      79.538201
            2.3      15.269123      255.64662      2.8864127      111.15071
           2.32      11.866777      135.82984      2.2047371      58.547347
           2.34      11.228732      109.19906      2.0506851      46.666265
           2.36      9.5426305      103.93461      1.7133422       44.04009
           2.38      9.1712352      61.686649      1.6191009       25.91876
