# Initial state: Random
# T  -  <E>  -  <|M|>  -  C_V  -  Xsi  -  accepted
              2     -1.7456875     0.91147662     0.72149081     0.38208699       7.896827
           2.01     -1.7377373     0.90766424     0.74807135     0.42065823        8.19781
           2.02     -1.7305373     0.90436121     0.76589097      0.4520548       8.435535
           2.03     -1.7231499     0.90085998     0.78332031     0.48160437       8.682712
           2.04     -1.7150079     0.89710176     0.80393135     0.50552734       8.967869
           2.05     -1.7070334     0.89283074     0.82723555     0.57818147        9.27598
           2.06     -1.6987323     0.88868882     0.85144824     0.62140302       9.497818
           2.07     -1.6891095     0.88320262     0.88718665     0.76261776         9.8479
           2.08     -1.6807661     0.87898439     0.90739886     0.81478662      10.160317
           2.09     -1.6709693     0.87332534     0.94451628     0.92797492      10.558937
            2.1     -1.6615053     0.86808615     0.96607169     0.97472296      10.823486
           2.11     -1.6524421     0.86310712     0.99099109      1.0448419      11.212422
           2.12     -1.6421499     0.85659451      1.0263419      1.2249845      11.508373
           2.13      -1.631285     0.85001532      1.0543649      1.3324901      11.956007
           2.14     -1.6216615     0.84416761      1.0871094      1.4407649      12.337625
           2.15     -1.6099952     0.83616283      1.1305431      1.6888512      12.730297
           2.16     -1.5982016     0.82792031      1.1616237      1.8910659      13.126393
           2.17     -1.5845583     0.81689801      1.2332441      2.3106555      13.663312
           2.18     -1.5739762      0.8097947      1.2554465      2.4523765      14.042329
           2.19     -1.5619608     0.80104271       1.288245      2.6789788      14.467991
            2.2     -1.5476343     0.78899711       1.347299       3.143424      15.038505
           2.21     -1.5337465     0.77697357      1.3992514      3.5501269      15.538713
           2.22     -1.5200824      0.7651259      1.4449829      3.9531579      16.084089
           2.23     -1.5062425      0.7536696      1.4659787      4.1855647      16.460558
           2.24     -1.4892665     0.73651506      1.5180146      4.8237383       17.13404
           2.25     -1.4741797     0.72271882      1.5674172      5.2294216      17.788264
           2.26     -1.4593199     0.70837399      1.5719431      5.5967023      18.307986
           2.27     -1.4415228     0.68851455      1.6340107      6.3009365      18.970954
           2.28     -1.4264743     0.67307481       1.647221      6.7270419      19.695445
           2.29     -1.4113243     0.65800026      1.6452354      7.0034491      20.085055
            2.3      -1.396103      0.6425996      1.6572167      7.3274506       20.62074
           2.31     -1.3804226     0.62570277      1.6533264      7.5830493      21.204902
           2.32     -1.3625504     0.60378873       1.650253      8.1225683      21.975232
           2.33     -1.3450849     0.58312732      1.6506559      8.5572283      22.675859
           2.34     -1.3272191     0.56007468      1.6284528      8.8434262      23.506468
           2.35     -1.3117979     0.54277981      1.6063169      8.9186451      23.861698
           2.36     -1.2959131     0.52461201      1.5661592      8.9846153      24.668924
           2.37      -1.281951     0.50856959      1.5437176      9.0161992      25.035941
           2.38     -1.2669272     0.49031532      1.4974095      8.9774072      25.778736
           2.39     -1.2504881     0.46932664      1.4539646      8.9184639       26.42198
            2.4      -1.236707     0.45359004      1.4103874      8.8211274      26.954533
