# Initial state: Random
# T  -  <E>  -  <|M|>  -  C_V  -  Xsi  -  accepted
              2     -1.7449079     0.90757388      0.8850907      8.0508187      126.77641
           2.01     -1.7381738     0.90793919     0.74393155     0.41259126      130.60204
           2.02     -1.7307797     0.90447278     0.76267359     0.45072716      134.72695
           2.03     -1.7230738     0.90077141     0.78950154     0.49615898      139.03591
           2.04     -1.7148838     0.89678103     0.80761164     0.53045676      143.55412
           2.05      -1.706871     0.89280721      0.8270813     0.57498765      148.05427
           2.06     -1.6983822     0.88854666     0.85057508     0.62267507      152.95082
           2.07     -1.6897061     0.88405757     0.87454157     0.68430092      157.78678
           2.08     -1.6807268     0.87914022      0.9023104     0.77510744      162.73647
           2.09     -1.6714057     0.87402095     0.93387362      0.8495233      168.05591
            2.1     -1.6622056     0.86899411     0.95701006     0.91930702      173.45619
           2.11     -1.6524938     0.86324665     0.98772224      1.0584822      179.00936
           2.12     -1.6422357     0.85686533      1.0259994      1.2767622      184.82361
           2.13     -1.6318659     0.85052699      1.0582606      1.3307035      190.85634
           2.14     -1.6210727     0.84342819      1.0881476      1.5679375      196.93819
           2.15     -1.6097637     0.83575343      1.1364889      1.8156053      203.74143
           2.16     -1.5979982     0.82719606       1.187907       2.161505      210.21504
           2.17     -1.5857011     0.81784351       1.240923      2.6665619      217.62418
           2.18     -1.5735552     0.80872211      1.2851481      3.0102261      224.99845
           2.19     -1.5601646     0.79731196      1.3550806      3.7445722      232.76484
            2.2     -1.5461933     0.78487674      1.4162582      4.6574817      240.48997
           2.21     -1.5322927     0.77124206      1.4825099       5.987576      249.34904
           2.22     -1.5162635     0.75288734      1.5721059      8.4414927      258.25253
           2.23     -1.4997521     0.73176164      1.7064071      12.596234      267.86265
           2.24     -1.4822318     0.70722092       1.820131      18.843215       278.5467
           2.25     -1.4645483     0.67915225      1.9813406      30.732815      287.21359
           2.26      -1.441756     0.63167943      2.1284211      44.789955      301.45133
           2.27     -1.4221551     0.59358553       2.215245      55.742867      315.76614
           2.28     -1.3956905     0.51230276      2.3705583      92.169728      330.67874
           2.29     -1.3719008     0.43560532      2.3011777      106.24138      345.52653
            2.3     -1.3518669     0.38414192      2.1384002        103.518      357.33769
           2.31     -1.3322606     0.33813655      1.9444943      93.963585       369.4397
           2.32     -1.3126797     0.27892443      1.7309542      80.466048      380.83256
           2.33     -1.2964506      0.2467876      1.6105601      70.396215      391.78252
           2.34     -1.2799597     0.20832634      1.4622285      55.495137      401.69419
           2.35     -1.2663893     0.19764011      1.4153169      49.991624       410.9837
           2.36     -1.2529798     0.17882717      1.3195467      41.027784      418.92557
           2.37     -1.2397514     0.15775506      1.2646483      35.406112      427.32114
           2.38     -1.2276474     0.14944296      1.2050691       31.14328      435.25188
           2.39     -1.2154844     0.13350047      1.1577529       25.02338      443.03097
            2.4     -1.2041883     0.12649125      1.1271927      22.559181      451.06188
