# Initial state: Random
# T  -  <E>  -  <|M|>  -  C_V  -  Xsi  -  accepted
              2     -1.7408727     0.86426534      1.6083209      171.16231      211.17223
           2.01     -1.7382636     0.90796074     0.74563152     0.41898967      204.05323
           2.02     -1.7307173     0.90443006     0.76074225     0.44916656      210.62937
           2.03      -1.722911     0.90067871     0.78670979      0.4944685      217.38224
           2.04     -1.7149304     0.89684406     0.80547987     0.52645604      224.30494
           2.05     -1.7068123     0.89276038     0.82527218     0.58121811      231.37615
           2.06     -1.6983211     0.88844231     0.85369716     0.63210681      238.88828
           2.07     -1.6896037     0.88388129     0.87669668     0.70127012      246.43393
           2.08     -1.6807922     0.87928262     0.89877192     0.75532927       254.3479
           2.09     -1.6716013     0.87415967     0.92472291     0.83702233      262.66924
            2.1     -1.6619566     0.86859228     0.96616659     0.96705807      270.88672
           2.11     -1.6522058     0.86296847     0.98855654      1.0483798       279.9055
           2.12     -1.6422559     0.85696199      1.0177283      1.2052831      288.60443
           2.13     -1.6314803     0.84996537      1.0665431      1.4386172      298.57152
           2.14     -1.6209919     0.84346754      1.0963301      1.5351469      307.87174
           2.15     -1.6097306     0.83576401      1.1383731      1.8256572      318.05789
           2.16     -1.5979865       0.827297      1.1889196      2.1728015      328.75629
           2.17     -1.5861543     0.81862058      1.2179981      2.4465303      339.47816
           2.18     -1.5734222     0.80847435      1.2782839       3.028905      351.37355
           2.19     -1.5604727     0.79783833      1.3319726      3.5162494      363.27607
            2.2     -1.5466707     0.78536077      1.4093213      4.5223584      375.33214
           2.21     -1.5321381     0.77066718      1.4803652      6.0383509      389.23068
           2.22     -1.5168389     0.75473554      1.5662004      7.6087009      403.23565
           2.23     -1.5003973     0.73430059       1.690286      11.391583      418.53799
           2.24     -1.4831258     0.71021852      1.8057795       18.61246      434.14273
           2.25     -1.4631911     0.67081527      2.0706242      42.459914      450.57276
           2.26     -1.4401333     0.61477917      2.3321626      78.172516      476.00821
           2.27     -1.4183043     0.56204363      2.4359557      100.87214      496.29868
           2.28     -1.3946984     0.49034854      2.4440465      132.77981      517.38748
           2.29     -1.3684154     0.39285485      2.3007261      145.75435      546.85111
            2.3     -1.3464396     0.31405838      2.0836963      140.66519       562.9756
           2.31     -1.3289102     0.27891702       1.832968       118.3928      578.38425
           2.32     -1.3102188     0.22109824      1.6455069      92.516181       595.7924
           2.33     -1.2943606     0.18988492      1.5310605      75.820023      612.97319
           2.34     -1.2794293     0.16653107      1.4358352      61.105059      628.91072
           2.35     -1.2659354     0.15154988      1.3643709      48.332934      642.25746
           2.36     -1.2521215     0.13696175      1.2961247      40.772023      655.22729
           2.37     -1.2397764      0.1269181      1.2412214      35.785268      668.12802
           2.38     -1.2270404     0.11418889      1.1881331      30.337009       681.0192
           2.39     -1.2153328     0.10742346      1.1531359       26.19221      692.65645
            2.4      -1.203984      0.1003304      1.1309805      22.925335      704.83657
