# Initial state: Random
# T  -  <E>  -  <|M|>  -  C_V  -  Xsi  -  accepted
              2     -1.7449245     0.90855576     0.81230585      3.7147777      71.411679
           2.01     -1.7382123     0.90794911     0.74363056     0.41933293      73.504618
           2.02     -1.7308401     0.90449942     0.76321695     0.45128309      75.806014
           2.03     -1.7229018     0.90067084     0.78499794     0.49087723      78.299526
           2.04     -1.7149248     0.89683428     0.80861224     0.53312194      80.741358
           2.05     -1.7067878      0.8928191     0.82873722     0.56880846      83.292742
           2.06     -1.6980041     0.88812916     0.86037072     0.65353705      86.027988
           2.07     -1.6897367     0.88407305     0.87195853     0.67625646      88.825643
           2.08     -1.6805193     0.87896103     0.90742187     0.78409138       91.71731
           2.09     -1.6712817     0.87391133     0.93454258      0.8492438      94.520001
            2.1     -1.6619857     0.86863676     0.95875106     0.94164783        97.6085
           2.11     -1.6521561     0.86288752     0.99256156      1.0753453      100.70934
           2.12     -1.6423296     0.85704202      1.0242221       1.195332      103.76356
           2.13     -1.6319009     0.85044788      1.0657753      1.3977021      107.21496
           2.14     -1.6210388     0.84348573      1.0963275      1.5520407      110.99333
           2.15     -1.6097259     0.83566874      1.1405966      1.7997788      114.54291
           2.16     -1.5984435     0.82801386      1.1751576      2.0412074      118.17373
           2.17     -1.5861145     0.81838629      1.2375597      2.9272179      122.22692
           2.18     -1.5734526     0.80805297      1.2912656      3.2323257      126.67183
           2.19     -1.5599721     0.79689435      1.3597638      3.7176024      130.86435
            2.2     -1.5464497     0.78462319      1.4032947      5.0310065      135.36553
           2.21     -1.5319863     0.76987317       1.497849      6.9744044       140.4942
           2.22     -1.5161806     0.75235227      1.6041066      9.3231615      145.32665
           2.23     -1.5009158     0.73599637      1.6625708      11.046378      150.33072
           2.24     -1.4833158     0.71047309      1.8038312      17.187489      157.08225
           2.25     -1.4630205     0.67561947      1.9511304      26.168663      162.54371
           2.26      -1.444522     0.64896692      2.0005091      27.278805      168.48091
           2.27     -1.4227275     0.60345578      2.1326974      40.351114      176.96967
           2.28     -1.4028425     0.56326621      2.1925137      48.647712      182.59802
           2.29     -1.3767039     0.48898749      2.1982557      62.017137      191.92015
            2.3     -1.3589085     0.45721815      2.1356333      61.655641      198.32484
           2.31     -1.3356691     0.39412151      1.9859301      62.269049      205.91281
           2.32     -1.3147897     0.33577021      1.8101381      58.322272      214.61489
           2.33     -1.3011888     0.32418009      1.7266697      54.526629      218.89914
           2.34     -1.2829663     0.27809557      1.5824828       47.86844      224.94151
           2.35     -1.2680418     0.25293872      1.4458551      40.510887      230.72424
           2.36     -1.2545961     0.23612984      1.3862619       37.61281      234.71344
           2.37     -1.2405739     0.21379231      1.3031867      31.845662      240.11343
           2.38      -1.228496     0.19459413      1.2347269       28.49627      244.92284
           2.39     -1.2161582      0.1824943      1.1866406      25.130708       249.1482
            2.4     -1.2045713     0.17163219      1.1460982      22.549745      253.28341
