# Initial state: Random
# T  -  <E>  -  <|M|>  -  C_V  -  Xsi  -  accepted
              2     -1.7451499     0.91038456     0.75252968     0.78674862      31.671826
           2.01     -1.7383711     0.90802216      0.7457193     0.41678097      32.602204
           2.02     -1.7304933     0.90425551     0.77019961     0.45461073      33.701605
           2.03      -1.722932     0.90069952     0.78389762     0.49162039      34.787256
           2.04     -1.7150622      0.8969471     0.80280663      0.5220707      35.859582
           2.05     -1.7067661     0.89275844     0.82663214     0.57593612       37.00156
           2.06     -1.6980849     0.88813311     0.86195058     0.67480384      38.278712
           2.07     -1.6893727     0.88368556     0.88520614     0.71020448      39.408541
           2.08     -1.6808133      0.8791755     0.90450579     0.76456804      40.745746
           2.09     -1.6715894     0.87424899      0.9375817      0.8536098       41.97328
            2.1     -1.6622105     0.86899281     0.95923343     0.91358511      43.373924
           2.11      -1.652794     0.86344904     0.98976739      1.0612009      44.669362
           2.12     -1.6424241     0.85726356      1.0187173      1.1641377      46.154831
           2.13      -1.632104     0.85082019      1.0524335      1.3225138      47.647161
           2.14      -1.621008     0.84339041      1.0975374      1.5642772      49.323595
           2.15     -1.6097302     0.83589924      1.1305573      1.7612022      50.872137
           2.16     -1.5984575     0.82830263      1.1758399      1.9276908      52.532149
           2.17     -1.5854348     0.81735733      1.2418472      2.7295425      54.397781
           2.18     -1.5741896     0.80966137      1.2633334      2.7931967      56.113681
           2.19     -1.5602382      0.7972873      1.3410682      3.6310043      58.249384
            2.2     -1.5462797     0.78328402      1.4387533      5.3384743      60.139019
           2.21     -1.5319512     0.77026748      1.4907429       6.014788      62.272344
           2.22     -1.5151186     0.74900377      1.6191624      9.0578336      65.045279
           2.23      -1.499706     0.73346619      1.6542595       9.901212       66.81044
           2.24     -1.4851265     0.71851682      1.7000378      10.567628      69.305951
           2.25     -1.4659639     0.69102906      1.8166557      14.256888      71.869854
           2.26      -1.447106     0.66451432       1.903032      16.753152      74.752877
           2.27     -1.4297319     0.63949229      1.9532742      19.628698      77.487509
           2.28     -1.4082757      0.6004896        1.99675       23.96713      80.914913
           2.29     -1.3886029     0.56722102      2.0070162      26.406369      83.562373
            2.3     -1.3683451     0.53135149      2.0002014      28.445471      86.933672
           2.31     -1.3486795     0.49482343      1.9525468      30.119203      89.448564
           2.32      -1.328681     0.45415888      1.8655259      30.555386      92.829771
           2.33     -1.3119021     0.42652011      1.8072758      30.401593      94.900547
           2.34     -1.2947977     0.39604262      1.6929839      29.199066      98.299639
           2.35     -1.2761626     0.35960569      1.5766699      27.473264      101.42096
           2.36     -1.2611643     0.33227897      1.4970919      26.269788      103.52147
           2.37     -1.2462685     0.31020519       1.401195       23.83213      105.90905
           2.38      -1.233441     0.29182696      1.3539079      22.767827      108.02336
           2.39     -1.2206507     0.27290923      1.2687206      20.621208      110.03752
            2.4      -1.206646     0.24884198      1.1867724      18.393661      112.41876
