# Initial state: Random
# Temperature: 1
# Lattice size L = 20
  1  1  1  1  1  1  1  1 -1 -1 -1 -1 -1 -1 -1 -1 -1 -1  1  1
  1  1  1  1  1  1  1  1 -1 -1 -1 -1 -1 -1 -1 -1 -1 -1  1  1
  1  1  1  1  1  1  1  1 -1 -1 -1 -1 -1 -1 -1 -1 -1 -1  1  1
  1  1  1  1  1  1  1  1 -1 -1 -1 -1 -1 -1 -1 -1 -1  1  1  1
  1  1  1  1  1  1  1  1 -1 -1 -1 -1 -1 -1 -1 -1 -1  1  1  1
  1  1  1  1  1  1  1  1 -1 -1 -1 -1 -1 -1 -1 -1  1  1  1  1
  1  1  1  1  1  1  1  1 -1 -1 -1 -1 -1 -1 -1 -1  1  1  1  1
  1  1  1  1  1  1 -1 -1 -1 -1 -1 -1 -1 -1 -1 -1  1  1  1  1
  1  1  1  1  1  1 -1 -1 -1 -1 -1 -1 -1 -1 -1 -1  1  1  1  1
  1  1  1  1  1  1 -1 -1 -1 -1 -1 -1 -1 -1 -1 -1  1  1  1  1
  1  1  1  1  1  1 -1 -1 -1 -1 -1 -1 -1 -1 -1 -1  1  1  1  1
  1  1  1  1  1  1 -1 -1 -1 -1 -1 -1 -1 -1 -1 -1  1  1  1  1
  1  1  1  1  1 -1 -1 -1 -1 -1 -1 -1 -1 -1 -1 -1  1  1  1  1
  1  1  1  1  1 -1 -1 -1 -1 -1 -1 -1 -1 -1 -1 -1  1  1  1  1
  1  1  1  1  1 -1 -1 -1 -1 -1 -1 -1 -1 -1 -1 -1  1  1  1  1
  1  1  1  1  1 -1 -1 -1 -1 -1 -1 -1 -1 -1 -1 -1  1  1  1  1
  1  1  1  1  1  1 -1 -1 -1 -1 -1 -1 -1 -1 -1 -1  1  1  1  1
  1  1  1  1  1  1 -1 -1 -1 -1 -1 -1 -1 -1 -1 -1  1  1  1  1
  1  1  1  1  1  1  1 -1 -1 -1 -1 -1 -1 -1 -1 -1  1  1  1  1
  1  1  1  1  1  1  1 -1 -1 -1 -1 -1 -1 -1 -1 -1  1  1  1  1
