# Contents: 
# Columns: MCcycles  -  T  -  Eaverage/part.  -  C_V  -  M/part  -  Xsi  -  abs(M)_average/part  -  N_accepted
           1000              1       -1.74685       0.831831        0.08425      8.1553686        0.21778          17932
           1990              1     -1.9909447      1.1516832     0.99193467      1.3922114     0.99193467           1872
           2980              1     -1.9909161     0.97412067     0.98995302      1.9108582     0.98995302           2810
           3970              1     -1.8733073      6.4152418    -0.54903904      69.517835     0.59441436          35476
           4960              1     -1.9952661     0.57414909    -0.99764315     0.38463293     0.99764315           2565
           5950              1     -1.9948941     0.50228459      0.9968958     0.55527835      0.9968958           3206
           6940              1     -1.9824438      1.6357667    -0.96663184       7.503455     0.96663184          10065
           7930              1     -1.9957957     0.27659163     0.99772951     0.32610819     0.99772951           3349
           8920              1     -1.9952724     0.34312727    -0.99619955     0.73039528     0.99619955           4460
           9910              1      -1.994443     0.55035622     -0.9941665      1.5598284     0.99417154           5722
          10900              1     -1.9813862      1.6089965    -0.95368991      12.041086      0.9565844          15634
          11890              1      -1.996222     0.22427902     0.99788015     0.31758118     0.99790622           4571
          12880              1      -1.996066        0.20962    -0.99768323     0.36654868     0.99768323           5228
          13870              1     -1.9878515      1.0559819     0.97883129      4.6271436     0.97883129          13518
          14860              1     -1.9962241     0.22321491    -0.99822476     0.22497495     0.99822476           5736
          15850              1     -1.9804196      1.6536709    -0.94425552      13.610313     0.95071609          23396
          16840              1     -1.9840071      1.3886793    -0.96194834      11.013748     0.96197387          21864
          17830              1     -1.9959933     0.21503891     0.99722266      0.5424468     0.99722266           7204
          18820              1     -1.9901344     0.76658363    -0.97831057      6.5199815     0.97846413          15497
          19810              1      -1.996258     0.18826657     0.99751868      0.4750511     0.99751868           7601
          20800              1     -1.9965615     0.13184387      0.9985762     0.14180114      0.9985762           7317
          21790              1     -1.9965067     0.13177213    -0.99851675     0.15175422     0.99851675           7682
          22780              1     -1.9966097     0.15411186      0.9983378     0.25846858      0.9983378           8081
          23770              1      -1.996642     0.13654124    -0.99863694     0.14042721     0.99863694           8217
          24760              1     -1.9967145     0.10262393    -0.99867811     0.11890524     0.99867811           8361
          25750              1     -1.9968784     0.10182042     0.99898117    0.058799936     0.99898117           8339
          26740              1     -1.9827442      1.4269922    -0.95842651      11.346433     0.95842651          35803
          27730              1     -1.9965766     0.13889823    -0.99817454     0.31504967     0.99817526           9943
          28720              1     -1.9967249     0.12070678    -0.99859871     0.16323719     0.99859871           9762
          29710              1     -1.9828472      1.3932906    -0.95057422      15.553736     0.95139347          38795
          30700              1     -1.9963684     0.17006923      0.9979259     0.36366979      0.9979259          11596
          31690              1     -1.9959656     0.17443361    -0.99641196     0.85327102     0.99641196          12460
          32680              1     -1.9965621     0.12979503    -0.99799679     0.38818586     0.99799679          11680
          33670              1     -1.9966778    0.088218279     0.99860009     0.16566646     0.99860098          11357
          34660              1     -1.9968286    0.086275845    -0.99895254     0.06272068     0.99895254          11436
          35650              1     -1.9965997     0.10692419    -0.99847588     0.20502982     0.99850252          12360
          36640              1     -1.9968573    0.095316741    -0.99882901     0.12109753     0.99882901          11815
          37630              1     -1.9969224    0.074936842     0.99901023    0.050839342     0.99901023          11899
          38620              1     -1.9967276    0.072700511    -0.99887325    0.078349504     0.99887325          12445
          39610              1     -1.9968374    0.073562464    -0.99887592    0.081856856     0.99887592          12976
          40600              1     -1.9934468     0.42795916     0.98447377      3.2545683     0.98850209          23181
          41590              1      -1.996679     0.12019913      0.9982515     0.29154805     0.99826954          14386
          42580              1     -1.9966127        0.10883    -0.99832961      0.2553238     0.99832961          14762
          43570              1     -1.9791719      1.7171717    -0.92912773       18.49772     0.94038157          68745
          44560              1     -1.9970619    0.074543528    -0.99908393    0.049851042     0.99908393          13788
          45550              1     -1.9969172    0.083961519     0.99899813    0.068414093     0.99899813          14587
          46540              1     -1.9962553     0.14980806    -0.99684508     0.72963818     0.99684572          17086
          47530              1     -1.9968759    0.092221314     0.99884115     0.11329367     0.99884115          15421
          48520              1     -1.9929685     0.46487347     0.98639118       3.948948     0.98691674          28631
          49510              1     -1.9966686     0.10548746     0.99849778     0.21564458     0.99849919          16838
          50500              1     -1.9967661    0.095817648     0.99876554     0.11724114     0.99876554          16779
          51490              1     -1.9969476     0.06010292     0.99901078    0.049815413     0.99901078          16112
          52480              1     -1.9968234    0.075313434    -0.99890854    0.076830648     0.99890854          16946
          53470              1      -1.988181      0.9148329    -0.97197924      7.8775219     0.97299589          50774
          54460              1     -1.9970891    0.054431348    -0.99919354    0.020236358     0.99919354          16419
          55450              1     -1.9928756     0.46772365     0.98200153      4.6093265     0.98523598          33185
          56440              1     -1.9942062     0.34229794    -0.99089839      2.4239343     0.99099601          28530
          57430              1     -1.9970017    0.065806929    -0.99901889    0.060538008     0.99901889          17762
          58420              1     -1.9968216    0.084653485    -0.99881984     0.11440506     0.99881984          19055
          59410              1      -1.993767     0.37867521      0.9902471      2.5117689      0.9902471          31826
          60400              1     -1.9969715    0.056445239    -0.99903742    0.051214804     0.99903742          18670
          61390              1     -1.9968578    0.080705447    -0.99872202      0.1429657     0.99872202          19697
          62380              1     -1.9968363    0.083304578    -0.99883649     0.10800643     0.99883649          20396
          63370              1     -1.9968169    0.079549608     0.99877379     0.13245979     0.99878673          20343
          64360              1     -1.9970144    0.061251874     0.99906572    0.053601442     0.99906572          19916
          65350              1     -1.9968364    0.066655004    -0.99898562    0.063653597     0.99898562          20791
          66340              1     -1.9960139     0.15288578     0.99670787     0.63061199     0.99670787          24798
          67330              1     -1.9959204     0.16531242    -0.99629935     0.78332008     0.99629935          25526
          68320              1     -1.9967904    0.079992965    -0.99869094     0.14684777     0.99869094          22178
          69310              1     -1.9969791    0.052155704     0.99913274    0.021005736     0.99913274          21263
          70300              1     -1.9960213     0.15319925    -0.99658627     0.67908951     0.99658627          26323
          71290              1     -1.9970313    0.057948662    -0.99908073    0.045882623     0.99908073          21725
          72280              1     -1.9970008    0.054345545    -0.99912272    0.029415172     0.99912272          22241
          73270              1     -1.9969682    0.054142301    -0.99897837    0.059067562     0.99897837          22780
          74260              1     -1.9967258     0.08178356    -0.99858955      0.1614084     0.99858955          24148
          75250              1     -1.9969868    0.063749087    -0.99908704    0.044030458     0.99908704          23245
          76240              1     -1.9969717    0.072923498     0.99892786    0.091315389     0.99892786          24195
          77230              1     -1.9970214    0.050825818     0.99904817    0.053123298     0.99904817          23579
          78220              1     -1.9945263     0.29148632    -0.99104577      2.3924258     0.99164485          37468
          79210              1     -1.9970852    0.055423481    -0.99915958    0.030506264     0.99915958          23880
          80200              1      -1.996707    0.086334734     0.99845075     0.18937858     0.99845075          26144
          81190              1     -1.9943945     0.31616497     0.98847851      3.1094113     0.99013351          40098
          82180              1     -1.9971146    0.044727283    -0.99921264    0.015431633     0.99921264          24518
          83170              1     -1.9971266    0.043337342     0.99923151    0.012139027     0.99923151          24768
          84160              1      -1.995436     0.21276143    -0.99368197       1.843589     0.99389775          34549
          85150              1     -1.9954053     0.21710752    -0.99456671      1.3247511     0.99456671          35523
          86140              1      -1.996973    0.065745981     -0.9988362     0.12326311      0.9988391          26722
          87130              1      -1.997024     0.05593077    -0.99900436    0.073533471     0.99900436          27013
          88120              1     -1.9971086    0.050420339    -0.99913516     0.03471194     0.99913516          26190
          89110              1     -1.9969181    0.060951687    -0.99892285    0.096443044     0.99892318          28002
          90100              1     -1.9959691     0.16455971     0.99390599      1.0603835     0.99582131          34451
          91090              1     -1.9969777    0.056159687     0.99911022    0.038547298     0.99911022          27887
          92080              1     -1.9970505    0.057288641      0.9990038    0.078644732     0.99900543          28322
          93070              1     -1.9884284     0.87407508    -0.96374369      9.3395019     0.97066106          84791
          94060              1     -1.9970762    0.051659934    -0.99913656    0.031613867     0.99913656          28550
          95050              1     -1.9964363    0.098853095    -0.99779022     0.37199582     0.99779022          32500
          96040              1     -1.9970009    0.047787921      0.9990569    0.047713469      0.9990569          29447
          97030              1     -1.9923271     0.50548547     0.97911105      5.4482918     0.98308363          60858
          98020              1     -1.9969668    0.055703376     0.99899128    0.081841002     0.99899128          30219
          99010              1     -1.9970075    0.054829389    -0.99899071    0.076609201     0.99899121          30215
         100000              1     -1.9969749    0.057483908      0.9991038     0.04342893      0.9991038          30830
# Initial state = Random
